"Lead Shipment Number","Tracking Number","Account Number","Invoice Number","Invoice Date",Service,"Ship Date",Zone,"Actual Weight","Original Billed weight","Proposed Billed Weight",Length,Width,Height,Volume,"Container Type","From City","From Zip","From Country","To City","To Zip","To Country","Current Published Rate","Currrent Discount($)","Proposed Discount(%)","Proposed Published Rate","Proposed Discounted Published Rate","CurrentTotal Surcharges","Proposed Total Surcharges","Fuel Surcharge(%)","Fuel Net Charge","Current Total Cost","Proposed Total Cost",Diff($),currentResi,proposedResi,currentDasC,proposedDasC,currentDasCExt,proposedDasCExt,currentDasR,proposedDasR,currentDasRExt,proposedDasRExt,currentHandling,proposedHandling,currentOs,proposedOs,currentRemoteAk,proposedRemoteAk,currentRemoteHi,proposedRemoteHi,currentAddressCorr,proposedAddressCorr,currentHandlingWt,proposedHandlingWt,currentOverMax,proposedOverMax,currentAdultSig,proposedAdultSig,Exception
,1Z1789X70176207126,00001789X7,0000001789X7093,2023-03-04,"1Day AM(D)",2023-02-27,"151-300 Miles","0.00 lb","0.00 lb","0.00 lb","0.00 in","0.00 in","0.00 in","0.00 in",LTR,,,,CLINTON,39056,US,37.11,22.64,72.00,,,9.30,2.90,16.25,0.00,23.77,2.90,20.87,5.85,2.90,0.00,0.00,0.00,0.00,0.00,0.00,0.00,0.00,0.00,0.00,0.00,0.00,0.00,0.00,0.00,0.00,0.00,0.00,0.00,0.00,0.00,0.00,0.00,0.00,"Published Rate not found for this service"
,1Z1789X70176805800,00001789X7,0000001789X7073,2023-02-18,"1Day AM(D)",2023-02-13,"151-300 Miles","0.00 lb","0.00 lb","0.00 lb","0.00 in","0.00 in","0.00 in","0.00 in",LTR,,,,CLINTON,39056,US,37.11,22.64,72.00,,,2.64,,18.25,,17.11,,,0.00,0.00,0.00,0.00,0.00,0.00,0.00,0.00,0.00,0.00,0.00,0.00,0.00,0.00,0.00,0.00,0.00,0.00,0.00,0.00,0.00,0.00,0.00,0.00,0.00,0.00,"Published Rate not found for this service"
,1Z1789X70177844356,00001789X7,0000001789X7143,2023-04-08,"1Day AM(D)",2023-04-01,"0-150 Miles","0.00 lb","0.00 lb","0.00 lb","0.00 in","0.00 in","0.00 in","0.00 in",LTR,,,,"BREAUX BRIDGE",70517,US,30.56,16.81,72.00,,,22.83,17.85,15.75,0.00,36.58,17.85,18.73,0.00,0.00,0.00,0.00,0.00,0.00,1.85,1.85,0.00,0.00,0.00,0.00,0.00,0.00,0.00,0.00,0.00,0.00,0.00,0.00,0.00,0.00,0.00,0.00,0.00,0.00,"Published Rate not found for this service"
,1Z1789X70276044069,00001789X7,0000001789X7023,2023-01-14,"2Day PM(D)",2023-01-13,"301-600 Miles","0.00 lb","0.00 lb","0.00 lb","0.00 in","0.00 in","0.00 in","0.00 in",LTR,,,,ATLANTA,30349,US,24.66,12.19,70.00,,,2.15,,19.50,,14.62,,,0.00,0.00,0.00,0.00,0.00,0.00,0.00,0.00,0.00,0.00,0.00,0.00,0.00,0.00,0.00,0.00,0.00,0.00,0.00,0.00,0.00,0.00,0.00,0.00,0.00,0.00,"Published Rate not found for this service"
,1Z1789X70276083277,00001789X7,0000001789X7383,2023-09-23,"2Day PM(D)",2023-09-18,"301-600 Miles","0.00 lb","0.00 lb","0.00 lb","0.00 in","0.00 in","0.00 in","0.00 in",LTR,"NEW ORLEANS",701233170,US,ATLANTA,30349,US,24.66,12.19,70.00,,,2.25,,18.00,,14.72,,,0.00,0.00,0.00,0.00,0.00,0.00,0.00,0.00,0.00,0.00,0.00,0.00,0.00,0.00,0.00,0.00,0.00,0.00,0.00,0.00,0.00,0.00,0.00,0.00,0.00,0.00,"Published Rate not found for this service"
,1Z1789X70276122171,00001789X7,0000001789X7363,2023-09-09,"2Day PM(D)",2023-09-01,"301-600 Miles","0.00 lb","0.00 lb","0.00 lb","0.00 in","0.00 in","0.00 in","0.00 in",LTR,,,,ATLANTA,30349,US,24.66,12.19,70.00,,,2.21,,17.50,,14.68,,,0.00,0.00,0.00,0.00,0.00,0.00,0.00,0.00,0.00,0.00,0.00,0.00,0.00,0.00,0.00,0.00,0.00,0.00,0.00,0.00,0.00,0.00,0.00,0.00,0.00,0.00,"Published Rate not found for this service"
,1Z1789X70276129325,00001789X7,0000001789X7113,2023-03-18,"2Day PM(D)",2023-03-14,"301-600 Miles","0.00 lb","0.00 lb","0.00 lb","0.00 in","0.00 in","0.00 in","0.00 in",LTR,,,,ATLANTA,30349,US,24.66,12.19,70.00,,,2.21,,17.75,,14.68,,,0.00,0.00,0.00,0.00,0.00,0.00,0.00,0.00,0.00,0.00,0.00,0.00,0.00,0.00,0.00,0.00,0.00,0.00,0.00,0.00,0.00,0.00,0.00,0.00,0.00,0.00,"Published Rate not found for this service"
,1Z1789X70276140115,00001789X7,0000001789X7433,2023-10-28,"2Day PM(D)",2023-10-23,"301-600 Miles","0.00 lb","0.00 lb","0.00 lb","0.00 in","0.00 in","0.00 in","0.00 in",LTR,,,,ATLANTA,30349,US,24.66,12.19,70.00,,,2.18,,17.25,,14.65,,,0.00,0.00,0.00,0.00,0.00,0.00,0.00,0.00,0.00,0.00,0.00,0.00,0.00,0.00,0.00,0.00,0.00,0.00,0.00,0.00,0.00,0.00,0.00,0.00,0.00,0.00,"Published Rate not found for this service"
,1Z1789X70276179101,00001789X7,0000001789X7103,2023-03-11,"2Day PM(D)",2023-03-08,"301-600 Miles","0.00 lb","0.00 lb","0.00 lb","0.00 in","0.00 in","0.00 in","0.00 in",LTR,,,,ATLANTA,30349,US,24.66,12.19,70.00,,,2.09,,16.75,,14.56,,,0.00,0.00,0.00,0.00,0.00,0.00,0.00,0.00,0.00,0.00,0.00,0.00,0.00,0.00,0.00,0.00,0.00,0.00,0.00,0.00,0.00,0.00,0.00,0.00,0.00,0.00,"Published Rate not found for this service"
,1Z1789X70276183730,00001789X7,0000001789X7093,2023-03-04,"2Day PM(D)",2023-03-01,"301-600 Miles","0.00 lb","0.00 lb","0.00 lb","0.00 in","0.00 in","0.00 in","0.00 in",LTR,,,,ATLANTA,30349,US,24.66,12.19,70.00,,,2.12,,16.25,,14.59,,,0.00,0.00,0.00,0.00,0.00,0.00,0.00,0.00,0.00,0.00,0.00,0.00,0.00,0.00,0.00,0.00,0.00,0.00,0.00,0.00,0.00,0.00,0.00,0.00,0.00,0.00,"Published Rate not found for this service"
,1Z1789X70276212092,00001789X7,0000001789X7193,2023-05-13,"2Day PM(D)",2023-05-05,"301-600 Miles","0.00 lb","0.00 lb","0.00 lb","0.00 in","0.00 in","0.00 in","0.00 in",LTR,"NEW ORLEANS",701233170,US,ATLANTA,30349,US,24.66,12.19,70.00,,,1.77,,14.25,,14.24,,,0.00,0.00,0.00,0.00,0.00,0.00,0.00,0.00,0.00,0.00,0.00,0.00,0.00,0.00,0.00,0.00,0.00,0.00,0.00,0.00,0.00,0.00,0.00,0.00,0.00,0.00,"Published Rate not found for this service"
,1Z1789X70276229226,00001789X7,0000001789X7233,2023-06-10,"2Day PM(D)",2023-06-02,"301-600 Miles","0.00 lb","0.00 lb","0.00 lb","0.00 in","0.00 in","0.00 in","0.00 in",LTR,,,,ATLANTA,30349,US,24.66,12.19,70.00,,,1.74,,14.00,,14.21,,,0.00,0.00,0.00,0.00,0.00,0.00,0.00,0.00,0.00,0.00,0.00,0.00,0.00,0.00,0.00,0.00,0.00,0.00,0.00,0.00,0.00,0.00,0.00,0.00,0.00,0.00,"Published Rate not found for this service"
,1Z1789X70276331436,00001789X7,0000001789X7183,2023-05-06,"2Day PM(D)",2023-05-01,"301-600 Miles","0.00 lb","0.00 lb","0.00 lb","0.00 in","0.00 in","0.00 in","0.00 in",LTR,,,,ATLANTA,30349,US,24.66,12.19,70.00,,,1.77,,14.25,,14.24,,,0.00,0.00,0.00,0.00,0.00,0.00,0.00,0.00,0.00,0.00,0.00,0.00,0.00,0.00,0.00,0.00,0.00,0.00,0.00,0.00,0.00,0.00,0.00,0.00,0.00,0.00,"Published Rate not found for this service"
,1Z1789X70276341998,00001789X7,0000001789X7313,2023-08-05,"2Day PM(D)",2023-08-02,"301-600 Miles","0.00 lb","0.00 lb","0.00 lb","0.00 in","0.00 in","0.00 in","0.00 in",LTR,"NEW ORLEANS",701233170,US,ATLANTA,30349,US,24.66,12.19,70.00,,,4.90,3.00,15.00,0.00,17.37,3.00,14.37,0.00,0.00,0.00,0.00,0.00,0.00,0.00,0.00,0.00,0.00,0.00,0.00,0.00,0.00,0.00,0.00,0.00,0.00,0.00,0.00,0.00,0.00,0.00,0.00,0.00,0.00,"Published Rate not found for this service"
,1Z1789X70276436930,00001789X7,0000001789X7253,2023-06-24,"2Day PM(D)",2023-06-15,"301-600 Miles","0.00 lb","0.00 lb","0.00 lb","0.00 in","0.00 in","0.00 in","0.00 in",LTR,"NEW ORLEANS",701233170,US,ATLANTA,30349,US,24.66,12.19,70.00,,,1.68,,13.50,,14.15,,,0.00,0.00,0.00,0.00,0.00,0.00,0.00,0.00,0.00,0.00,0.00,0.00,0.00,0.00,0.00,0.00,0.00,0.00,0.00,0.00,0.00,0.00,0.00,0.00,0.00,0.00,"Published Rate not found for this service"
,1Z1789X70276446269,00001789X7,0000001789X7053,2023-02-04,"2Day PM(D)",2023-01-26,"301-600 Miles","0.00 lb","0.00 lb","0.00 lb","0.00 in","0.00 in","0.00 in","0.00 in",LTR,"NEW ORLEANS",701233170,US,ATLANTA,30349,US,24.66,12.19,70.00,,,2.31,,20.25,,14.78,,,0.00,0.00,0.00,0.00,0.00,0.00,0.00,0.00,0.00,0.00,0.00,0.00,0.00,0.00,0.00,0.00,0.00,0.00,0.00,0.00,0.00,0.00,0.00,0.00,0.00,0.00,"Published Rate not found for this service"
,1Z1789X70276479260,00001789X7,0000001789X7463,2023-11-18,"2Day PM(D)",2023-11-15,"301-600 Miles","0.00 lb","0.00 lb","0.00 lb","0.00 in","0.00 in","0.00 in","0.00 in",LTR,,,,ATLANTA,30349,US,24.66,12.19,70.00,,,2.15,,17.00,,14.62,,,0.00,0.00,0.00,0.00,0.00,0.00,0.00,0.00,0.00,0.00,0.00,0.00,0.00,0.00,0.00,0.00,0.00,0.00,0.00,0.00,0.00,0.00,0.00,0.00,0.00,0.00,"Published Rate not found for this service"
,1Z1789X70276496901,00001789X7,0000001789X7093,2023-03-04,"2Day PM(D)",2023-02-27,"301-600 Miles","0.00 lb","0.00 lb","0.00 lb","0.00 in","0.00 in","0.00 in","0.00 in",LTR,,,,ATLANTA,30349,US,24.66,12.19,70.00,,,2.12,,16.25,,14.59,,,0.00,0.00,0.00,0.00,0.00,0.00,0.00,0.00,0.00,0.00,0.00,0.00,0.00,0.00,0.00,0.00,0.00,0.00,0.00,0.00,0.00,0.00,0.00,0.00,0.00,0.00,"Published Rate not found for this service"
,1Z1789X70276810561,00001789X7,0000001789X7223,2023-06-03,"2Day PM(D)",2023-05-26,"301-600 Miles","0.00 lb","0.00 lb","0.00 lb","0.00 in","0.00 in","0.00 in","0.00 in",LTR,,,,ATLANTA,30349,US,24.66,12.19,70.00,,,1.74,,14.00,,14.21,,,0.00,0.00,0.00,0.00,0.00,0.00,0.00,0.00,0.00,0.00,0.00,0.00,0.00,0.00,0.00,0.00,0.00,0.00,0.00,0.00,0.00,0.00,0.00,0.00,0.00,0.00,"Published Rate not found for this service"
,1Z1789X70276901098,00001789X7,0000001789X7053,2023-02-04,"2Day PM(D)",2023-02-01,"301-600 Miles","0.00 lb","0.00 lb","0.00 lb","0.00 in","0.00 in","0.00 in","0.00 in",LTR,,,,ATLANTA,30349,US,24.66,12.19,70.00,,,2.65,,21.25,,15.12,,,0.00,0.00,0.00,0.00,0.00,0.00,0.00,0.00,0.00,0.00,0.00,0.00,0.00,0.00,0.00,0.00,0.00,0.00,0.00,0.00,0.00,0.00,0.00,0.00,0.00,0.00,"Published Rate not found for this service"
,1Z1789X70277056643,00001789X7,0000001789X7403,2023-10-07,"2Day PM(D)",2023-09-28,"301-600 Miles","0.00 lb","0.00 lb","0.00 lb","0.00 in","0.00 in","0.00 in","0.00 in",LTR,"NEW ORLEANS",701233170,US,ATLANTA,30349,US,24.66,12.19,70.00,,,2.34,,18.75,,14.81,,,0.00,0.00,0.00,0.00,0.00,0.00,0.00,0.00,0.00,0.00,0.00,0.00,0.00,0.00,0.00,0.00,0.00,0.00,0.00,0.00,0.00,0.00,0.00,0.00,0.00,0.00,"Published Rate not found for this service"
,1Z1789X70277170046,00001789X7,0000001789X7323,2023-08-12,"2Day PM(D)",2023-08-07,"301-600 Miles","0.00 lb","0.00 lb","0.00 lb","0.00 in","0.00 in","0.00 in","0.00 in",LTR,,,,ATLANTA,30349,US,24.66,12.19,70.00,,,2.03,,16.25,,14.50,,,0.00,0.00,0.00,0.00,0.00,0.00,0.00,0.00,0.00,0.00,0.00,0.00,0.00,0.00,0.00,0.00,0.00,0.00,0.00,0.00,0.00,0.00,0.00,0.00,0.00,0.00,"Published Rate not found for this service"
,1Z1789X70277212769,00001789X7,0000001789X7253,2023-06-24,"2Day PM(D)",2023-06-16,"301-600 Miles","0.00 lb","0.00 lb","0.00 lb","0.00 in","0.00 in","0.00 in","0.00 in",LTR,,,,ATLANTA,30349,US,24.66,12.19,70.00,,,1.68,,13.50,,14.15,,,0.00,0.00,0.00,0.00,0.00,0.00,0.00,0.00,0.00,0.00,0.00,0.00,0.00,0.00,0.00,0.00,0.00,0.00,0.00,0.00,0.00,0.00,0.00,0.00,0.00,0.00,"Published Rate not found for this service"
,1Z1789X70277299337,00001789X7,0000001789X7033,2023-01-21,"2Day PM(D)",2023-01-13,"301-600 Miles","0.00 lb","0.00 lb","0.00 lb","0.00 in","0.00 in","0.00 in","0.00 in",LTR,"NEW ORLEANS",701233170,US,ATLANTA,30349,US,24.66,12.19,70.00,,,2.15,,19.50,,14.62,,,0.00,0.00,0.00,0.00,0.00,0.00,0.00,0.00,0.00,0.00,0.00,0.00,0.00,0.00,0.00,0.00,0.00,0.00,0.00,0.00,0.00,0.00,0.00,0.00,0.00,0.00,"Published Rate not found for this service"
,1Z1789X70277321687,00001789X7,0000001789X7213,2023-05-27,"2Day PM(D)",2023-05-24,"301-600 Miles","0.00 lb","0.00 lb","0.00 lb","0.00 in","0.00 in","0.00 in","0.00 in",LTR,,,,ATLANTA,30349,US,24.66,12.19,70.00,,,1.74,,14.00,,14.21,,,0.00,0.00,0.00,0.00,0.00,0.00,0.00,0.00,0.00,0.00,0.00,0.00,0.00,0.00,0.00,0.00,0.00,0.00,0.00,0.00,0.00,0.00,0.00,0.00,0.00,0.00,"Published Rate not found for this service"
,1Z1789X70277379134,00001789X7,0000001789X7273,2023-07-08,"2Day PM(D)",2023-06-30,"301-600 Miles","0.00 lb","0.00 lb","0.00 lb","0.00 in","0.00 in","0.00 in","0.00 in",LTR,,,,ATLANTA,30349,US,24.66,12.19,70.00,,,1.77,,14.00,,14.24,,,0.00,0.00,0.00,0.00,0.00,0.00,0.00,0.00,0.00,0.00,0.00,0.00,0.00,0.00,0.00,0.00,0.00,0.00,0.00,0.00,0.00,0.00,0.00,0.00,0.00,0.00,"Published Rate not found for this service"
,1Z1789X70277521416,00001789X7,0000001789X7203,2023-05-20,"2Day PM(D)",2023-05-16,"301-600 Miles","0.00 lb","0.00 lb","0.00 lb","0.00 in","0.00 in","0.00 in","0.00 in",LTR,,,,ATLANTA,30349,US,24.66,12.19,70.00,,,1.65,,13.25,,14.12,,,0.00,0.00,0.00,0.00,0.00,0.00,0.00,0.00,0.00,0.00,0.00,0.00,0.00,0.00,0.00,0.00,0.00,0.00,0.00,0.00,0.00,0.00,0.00,0.00,0.00,0.00,"Published Rate not found for this service"
,1Z1789X70277532682,00001789X7,0000001789X7353,2023-09-02,"2Day PM(D)",2023-08-28,"301-600 Miles","0.00 lb","0.00 lb","0.00 lb","0.00 in","0.00 in","0.00 in","0.00 in",LTR,,,,ATLANTA,30349,US,24.66,12.19,70.00,,,2.21,,17.50,,14.68,,,0.00,0.00,0.00,0.00,0.00,0.00,0.00,0.00,0.00,0.00,0.00,0.00,0.00,0.00,0.00,0.00,0.00,0.00,0.00,0.00,0.00,0.00,0.00,0.00,0.00,0.00,"Published Rate not found for this service"
,1Z1789X70277545605,00001789X7,0000001789X7313,2023-08-05,"2Day PM(D)",2023-08-02,"301-600 Miles","0.00 lb","0.00 lb","0.00 lb","0.00 in","0.00 in","0.00 in","0.00 in",LTR,,,,ATLANTA,30349,US,24.66,12.19,70.00,,,1.90,,15.00,,14.37,,,0.00,0.00,0.00,0.00,0.00,0.00,0.00,0.00,0.00,0.00,0.00,0.00,0.00,0.00,0.00,0.00,0.00,0.00,0.00,0.00,0.00,0.00,0.00,0.00,0.00,0.00,"Published Rate not found for this service"
,1Z1789X70277590100,00001789X7,0000001789X7243,2023-06-17,"2Day PM(D)",2023-06-12,"301-600 Miles","0.00 lb","0.00 lb","0.00 lb","0.00 in","0.00 in","0.00 in","0.00 in",LTR,"NEW ORLEANS",701233170,US,ATLANTA,30349,US,24.66,12.19,70.00,,,1.68,,13.50,,14.15,,,0.00,0.00,0.00,0.00,0.00,0.00,0.00,0.00,0.00,0.00,0.00,0.00,0.00,0.00,0.00,0.00,0.00,0.00,0.00,0.00,0.00,0.00,0.00,0.00,0.00,0.00,"Published Rate not found for this service"
,1Z1789X70277590799,00001789X7,0000001789X7413,2023-10-14,"2Day PM(D)",2023-10-05,"301-600 Miles","0.00 lb","0.00 lb","0.00 lb","0.00 in","0.00 in","0.00 in","0.00 in",LTR,"NEW ORLEANS",701233170,US,ATLANTA,30349,US,24.66,12.19,70.00,,,2.31,,18.50,,14.78,,,0.00,0.00,0.00,0.00,0.00,0.00,0.00,0.00,0.00,0.00,0.00,0.00,0.00,0.00,0.00,0.00,0.00,0.00,0.00,0.00,0.00,0.00,0.00,0.00,0.00,0.00,"Published Rate not found for this service"
,1Z1789X70277695631,00001789X7,0000001789X7483,2023-12-02,"2Day PM(D)",2023-11-27,"301-600 Miles","0.00 lb","0.00 lb","0.00 lb","0.00 in","0.00 in","0.00 in","0.00 in",LTR,"NEW ORLEANS",701233170,US,ATLANTA,30349,US,24.66,12.19,70.00,,,2.09,,16.50,,14.56,,,0.00,0.00,0.00,0.00,0.00,0.00,0.00,0.00,0.00,0.00,0.00,0.00,0.00,0.00,0.00,0.00,0.00,0.00,0.00,0.00,0.00,0.00,0.00,0.00,0.00,0.00,"Published Rate not found for this service"
,1Z1789X70277719990,00001789X7,0000001789X7043,2023-01-28,"2Day PM(D)",2023-01-20,"301-600 Miles","0.00 lb","0.00 lb","0.00 lb","0.00 in","0.00 in","0.00 in","0.00 in",LTR,"NEW ORLEANS",701233170,US,ATLANTA,30349,US,24.66,12.19,70.00,,,2.31,,18.50,,14.78,,,0.00,0.00,0.00,0.00,0.00,0.00,0.00,0.00,0.00,0.00,0.00,0.00,0.00,0.00,0.00,0.00,0.00,0.00,0.00,0.00,0.00,0.00,0.00,0.00,0.00,0.00,"Published Rate not found for this service"
,1Z1789X70277721334,00001789X7,0000001789X7293,2023-07-22,"2Day PM(D)",2023-07-19,"301-600 Miles","0.00 lb","0.00 lb","0.00 lb","0.00 in","0.00 in","0.00 in","0.00 in",LTR,,,,ATLANTA,30349,US,24.66,12.19,70.00,,,1.77,,14.25,,14.24,,,0.00,0.00,0.00,0.00,0.00,0.00,0.00,0.00,0.00,0.00,0.00,0.00,0.00,0.00,0.00,0.00,0.00,0.00,0.00,0.00,0.00,0.00,0.00,0.00,0.00,0.00,"Published Rate not found for this service"
,1Z1789X70277765743,00001789X7,0000001789X7153,2023-04-15,"2Day PM(D)",2023-04-01,"301-600 Miles","0.00 lb","0.00 lb","0.00 lb","0.00 in","0.00 in","0.00 in","0.00 in",LTR,"NEW ORLEANS",701233170,US,ATLANTA,30349,US,24.66,12.19,70.00,,,20.48,16.00,15.75,0.00,32.95,16.00,16.95,0.00,0.00,0.00,0.00,0.00,0.00,0.00,0.00,0.00,0.00,0.00,0.00,0.00,0.00,0.00,0.00,0.00,0.00,0.00,0.00,0.00,0.00,0.00,0.00,0.00,0.00,"Published Rate not found for this service"
,1Z1789X70277795827,00001789X7,0000001789X7323,2023-08-12,"2Day PM(D)",2023-08-02,"301-600 Miles","0.00 lb","0.00 lb","0.00 lb","0.00 in","0.00 in","0.00 in","0.00 in",LTR,"NEW ORLEANS",701233170,US,ATLANTA,30349,US,24.66,12.19,70.00,,,1.90,,15.00,,14.37,,,0.00,0.00,0.00,0.00,0.00,0.00,0.00,0.00,0.00,0.00,0.00,0.00,0.00,0.00,0.00,0.00,0.00,0.00,0.00,0.00,0.00,0.00,0.00,0.00,0.00,0.00,"Published Rate not found for this service"
,1Z1789X70277873626,00001789X7,0000001789X7283,2023-07-15,"2Day PM(D)",2023-07-10,"301-600 Miles","0.00 lb","0.00 lb","0.00 lb","0.00 in","0.00 in","0.00 in","0.00 in",LTR,"NEW ORLEANS",701233170,US,ATLANTA,30349,US,24.66,12.19,70.00,,,1.77,,14.00,,14.24,,,0.00,0.00,0.00,0.00,0.00,0.00,0.00,0.00,0.00,0.00,0.00,0.00,0.00,0.00,0.00,0.00,0.00,0.00,0.00,0.00,0.00,0.00,0.00,0.00,0.00,0.00,"Published Rate not found for this service"
,1Z1789X70277896021,00001789X7,0000001789X7073,2023-02-18,"2Day PM(D)",2023-02-15,"301-600 Miles","0.00 lb","0.00 lb","0.00 lb","0.00 in","0.00 in","0.00 in","0.00 in",LTR,,,,ATLANTA,30349,US,24.66,12.19,70.00,,,2.28,,18.25,,14.75,,,0.00,0.00,0.00,0.00,0.00,0.00,0.00,0.00,0.00,0.00,0.00,0.00,0.00,0.00,0.00,0.00,0.00,0.00,0.00,0.00,0.00,0.00,0.00,0.00,0.00,0.00,"Published Rate not found for this service"
,1Z1789X70278003966,00001789X7,0000001789X7153,2023-04-15,"2Day PM(D)",2023-04-12,"301-600 Miles","0.00 lb","0.00 lb","0.00 lb","0.00 in","0.00 in","0.00 in","0.00 in",LTR,,,,ATLANTA,30349,US,24.66,12.19,70.00,,,2.00,,16.00,,14.47,,,0.00,0.00,0.00,0.00,0.00,0.00,0.00,0.00,0.00,0.00,0.00,0.00,0.00,0.00,0.00,0.00,0.00,0.00,0.00,0.00,0.00,0.00,0.00,0.00,0.00,0.00,"Published Rate not found for this service"
,1Z1789X70278006016,00001789X7,0000001789X7013,2023-01-07,"2Day PM(D)",2023-01-03,"301-600 Miles","0.00 lb","0.00 lb","0.00 lb","0.00 in","0.00 in","0.00 in","0.00 in",LTR,,,,ATLANTA,30349,US,24.66,12.19,70.00,,,2.18,,17.25,,14.65,,,0.00,0.00,0.00,0.00,0.00,0.00,0.00,0.00,0.00,0.00,0.00,0.00,0.00,0.00,0.00,0.00,0.00,0.00,0.00,0.00,0.00,0.00,0.00,0.00,0.00,0.00,"Published Rate not found for this service"
,1Z1789X70278055062,00001789X7,0000001789X7163,2023-04-22,"2Day PM(D)",2023-04-18,"301-600 Miles","0.00 lb","0.00 lb","0.00 lb","0.00 in","0.00 in","0.00 in","0.00 in",LTR,,,,ATLANTA,30349,US,24.66,12.19,70.00,,,1.96,,15.75,,14.43,,,0.00,0.00,0.00,0.00,0.00,0.00,0.00,0.00,0.00,0.00,0.00,0.00,0.00,0.00,0.00,0.00,0.00,0.00,0.00,0.00,0.00,0.00,0.00,0.00,0.00,0.00,"Published Rate not found for this service"
,1Z1789X70278131318,00001789X7,0000001789X7333,2023-08-19,"2Day PM(D)",2023-08-14,"301-600 Miles","0.00 lb","0.00 lb","0.00 lb","0.00 in","0.00 in","0.00 in","0.00 in",LTR,,,,ATLANTA,30349,US,24.66,12.19,70.00,,,2.15,,17.25,,14.62,,,0.00,0.00,0.00,0.00,0.00,0.00,0.00,0.00,0.00,0.00,0.00,0.00,0.00,0.00,0.00,0.00,0.00,0.00,0.00,0.00,0.00,0.00,0.00,0.00,0.00,0.00,"Published Rate not found for this service"
,1Z1789X70278134619,00001789X7,0000001789X7373,2023-09-16,"2Day PM(D)",2023-09-08,"301-600 Miles","0.00 lb","0.00 lb","0.00 lb","0.00 in","0.00 in","0.00 in","0.00 in",LTR,,,,ATLANTA,30349,US,24.66,12.19,70.00,,,2.28,,18.25,,14.75,,,0.00,0.00,0.00,0.00,0.00,0.00,0.00,0.00,0.00,0.00,0.00,0.00,0.00,0.00,0.00,0.00,0.00,0.00,0.00,0.00,0.00,0.00,0.00,0.00,0.00,0.00,"Published Rate not found for this service"
,1Z1789X70278184824,00001789X7,0000001789X7183,2023-05-06,"2Day PM(D)",2023-05-01,"301-600 Miles","0.00 lb","0.00 lb","0.00 lb","0.00 in","0.00 in","0.00 in","0.00 in",LTR,"NEW ORLEANS",701233170,US,JACKSONVILLE,32207,US,24.66,12.19,70.00,,,1.77,,14.25,,14.24,,,0.00,0.00,0.00,0.00,0.00,0.00,0.00,0.00,0.00,0.00,0.00,0.00,0.00,0.00,0.00,0.00,0.00,0.00,0.00,0.00,0.00,0.00,0.00,0.00,0.00,0.00,"Published Rate not found for this service"
,1Z1789X70278203544,00001789X7,0000001789X7123,2023-03-25,"2Day PM(D)",2023-03-17,"301-600 Miles","0.00 lb","0.00 lb","0.00 lb","0.00 in","0.00 in","0.00 in","0.00 in",LTR,"NEW ORLEANS",701233170,US,ATLANTA,30349,US,24.66,12.19,70.00,,,2.21,,17.75,,14.68,,,0.00,0.00,0.00,0.00,0.00,0.00,0.00,0.00,0.00,0.00,0.00,0.00,0.00,0.00,0.00,0.00,0.00,0.00,0.00,0.00,0.00,0.00,0.00,0.00,0.00,0.00,"Published Rate not found for this service"
,1Z1789X70278228161,00001789X7,0000001789X7443,2023-11-04,"2Day PM(D)",2023-11-02,"301-600 Miles","0.00 lb","0.00 lb","0.00 lb","0.00 in","0.00 in","0.00 in","0.00 in",LTR,"NEW ORLEANS",701233170,US,ATLANTA,30349,US,24.66,12.19,70.00,,,2.18,,17.50,,14.65,,,0.00,0.00,0.00,0.00,0.00,0.00,0.00,0.00,0.00,0.00,0.00,0.00,0.00,0.00,0.00,0.00,0.00,0.00,0.00,0.00,0.00,0.00,0.00,0.00,0.00,0.00,"Published Rate not found for this service"
,1Z1789X70278261302,00001789X7,0000001789X7133,2023-04-01,"2Day PM(D)",2023-03-28,"301-600 Miles","0.00 lb","0.00 lb","0.00 lb","0.00 in","0.00 in","0.00 in","0.00 in",LTR,,,,ATLANTA,30349,US,24.66,12.19,70.00,,,1.96,,15.75,,14.43,,,0.00,0.00,0.00,0.00,0.00,0.00,0.00,0.00,0.00,0.00,0.00,0.00,0.00,0.00,0.00,0.00,0.00,0.00,0.00,0.00,0.00,0.00,0.00,0.00,0.00,0.00,"Published Rate not found for this service"
,1Z1789X70278337552,00001789X7,0000001789X7303,2023-07-29,"2Day PM(D)",2023-07-20,"301-600 Miles","0.00 lb","0.00 lb","0.00 lb","0.00 in","0.00 in","0.00 in","0.00 in",LTR,"NEW ORLEANS",701233170,US,JACKSONVILLE,32207,US,24.66,12.19,70.00,,,1.77,,14.25,,14.24,,,0.00,0.00,0.00,0.00,0.00,0.00,0.00,0.00,0.00,0.00,0.00,0.00,0.00,0.00,0.00,0.00,0.00,0.00,0.00,0.00,0.00,0.00,0.00,0.00,0.00,0.00,"Published Rate not found for this service"
,1Z1789X70278426554,00001789X7,0000001789X7173,2023-04-29,"2Day PM(D)",2023-04-21,"301-600 Miles","0.00 lb","0.00 lb","0.00 lb","0.00 in","0.00 in","0.00 in","0.00 in",LTR,,,,ATLANTA,30349,US,24.66,12.19,70.00,,,1.96,,15.75,,14.43,,,0.00,0.00,0.00,0.00,0.00,0.00,0.00,0.00,0.00,0.00,0.00,0.00,0.00,0.00,0.00,0.00,0.00,0.00,0.00,0.00,0.00,0.00,0.00,0.00,0.00,0.00,"Published Rate not found for this service"
,1Z1789X70278455577,00001789X7,0000001789X7273,2023-07-08,"2Day PM(D)",2023-07-05,"301-600 Miles","0.00 lb","0.00 lb","0.00 lb","0.00 in","0.00 in","0.00 in","0.00 in",LTR,,,,ATLANTA,30349,US,24.66,12.19,70.00,,,1.77,,14.25,,14.24,,,0.00,0.00,0.00,0.00,0.00,0.00,0.00,0.00,0.00,0.00,0.00,0.00,0.00,0.00,0.00,0.00,0.00,0.00,0.00,0.00,0.00,0.00,0.00,0.00,0.00,0.00,"Published Rate not found for this service"
,1Z1789X70278497755,00001789X7,0000001789X7063,2023-02-11,"2Day PM(D)",2023-02-10,"301-600 Miles","0.00 lb","0.00 lb","0.00 lb","0.00 in","0.00 in","0.00 in","0.00 in",LTR,,,,ATLANTA,30349,US,24.66,12.19,70.00,,,2.75,,22.00,,15.22,,,0.00,0.00,0.00,0.00,0.00,0.00,0.00,0.00,0.00,0.00,0.00,0.00,0.00,0.00,0.00,0.00,0.00,0.00,0.00,0.00,0.00,0.00,0.00,0.00,0.00,0.00,"Published Rate not found for this service"
,1Z1789X70278526919,00001789X7,0000001789X7263,2023-07-01,"2Day PM(D)",2023-06-29,"301-600 Miles","0.00 lb","0.00 lb","0.00 lb","0.00 in","0.00 in","0.00 in","0.00 in",LTR,,,,ATLANTA,30349,US,24.66,12.19,70.00,,,1.77,,14.00,,14.24,,,0.00,0.00,0.00,0.00,0.00,0.00,0.00,0.00,0.00,0.00,0.00,0.00,0.00,0.00,0.00,0.00,0.00,0.00,0.00,0.00,0.00,0.00,0.00,0.00,0.00,0.00,"Published Rate not found for this service"
,1Z1789X70278668132,00001789X7,0000001789X7143,2023-04-08,"2Day PM(D)",2023-04-01,"301-600 Miles","0.00 lb","0.00 lb","0.00 lb","0.00 in","0.00 in","0.00 in","0.00 in",LTR,,,,ATLANTA,30349,US,24.66,12.19,70.00,,,20.48,16.00,15.75,0.00,32.95,16.00,16.95,0.00,0.00,0.00,0.00,0.00,0.00,0.00,0.00,0.00,0.00,0.00,0.00,0.00,0.00,0.00,0.00,0.00,0.00,0.00,0.00,0.00,0.00,0.00,0.00,0.00,0.00,"Published Rate not found for this service"
,1Z1789X70278852343,00001789X7,0000001789X7223,2023-06-03,"2Day PM(D)",2023-05-24,"301-600 Miles","0.00 lb","0.00 lb","0.00 lb","0.00 in","0.00 in","0.00 in","0.00 in",LTR,"NEW ORLEANS",701233170,US,ATLANTA,30349,US,24.66,12.19,70.00,,,1.74,,14.00,,14.21,,,0.00,0.00,0.00,0.00,0.00,0.00,0.00,0.00,0.00,0.00,0.00,0.00,0.00,0.00,0.00,0.00,0.00,0.00,0.00,0.00,0.00,0.00,0.00,0.00,0.00,0.00,"Published Rate not found for this service"
,1Z1789X70278927674,00001789X7,0000001789X7423,2023-10-21,"2Day PM(D)",2023-10-13,"301-600 Miles","0.00 lb","0.00 lb","0.00 lb","0.00 in","0.00 in","0.00 in","0.00 in",LTR,,,,ATLANTA,30349,US,24.66,12.19,70.00,,,2.31,,18.50,,14.78,,,0.00,0.00,0.00,0.00,0.00,0.00,0.00,0.00,0.00,0.00,0.00,0.00,0.00,0.00,0.00,0.00,0.00,0.00,0.00,0.00,0.00,0.00,0.00,0.00,0.00,0.00,"Published Rate not found for this service"
,1Z1789X70278984639,00001789X7,0000001789X7343,2023-08-26,"2Day PM(D)",2023-08-18,"301-600 Miles","0.00 lb","0.00 lb","0.00 lb","0.00 in","0.00 in","0.00 in","0.00 in",LTR,,,,ATLANTA,30349,US,24.66,12.19,70.00,,,2.15,,17.25,,14.62,,,0.00,0.00,0.00,0.00,0.00,0.00,0.00,0.00,0.00,0.00,0.00,0.00,0.00,0.00,0.00,0.00,0.00,0.00,0.00,0.00,0.00,0.00,0.00,0.00,0.00,0.00,"Published Rate not found for this service"
1Z3404530367499263,1Z3404530365008073,0000340453,000000340453373,2023-09-16,"Ground Comm(D)",2023-09-08,Miscellaneous,"30.00 lb","30.00 lb","30.00 lb","0.00 in","0.00 in","0.00 in","0.00 in",PKG,,,,NEWTOWN,18940,US,9.48,0.00,0.00,,,1.47,,16.00,,10.95,,,0.00,0.00,0.00,0.00,0.00,0.00,0.00,0.00,0.00,0.00,0.00,0.00,0.00,0.00,0.00,0.00,0.00,0.00,0.00,0.00,0.00,0.00,0.00,0.00,0.00,0.00,"Zone Code Missing in data"
1Z3404530366451789,1Z3404530365052015,0000340453,000000340453033,2023-01-21,"Ground Comm(D)",2023-01-17,Miscellaneous,"32.00 lb","37.00 lb","37.00 lb","0.00 in","0.00 in","0.00 in","0.00 in",PKG,,,,DUBLIN,31021,US,17.53,0.00,0.00,,,2.72,,16.25,,20.25,,,0.00,0.00,0.00,0.00,0.00,0.00,0.00,0.00,0.00,0.00,0.00,0.00,0.00,0.00,0.00,0.00,0.00,0.00,0.00,0.00,0.00,0.00,0.00,0.00,0.00,0.00,"Zone Code Missing in data"
1Z3404530366736972,1Z3404530365054602,0000340453,000000340453053,2023-02-04,"Ground Comm(D)",2023-01-27,Miscellaneous,"35.00 lb","37.00 lb","37.00 lb","0.00 in","0.00 in","0.00 in","0.00 in",PKG,,,,DOUGLAS,31533,US,17.53,0.00,0.00,,,2.72,,16.00,,20.25,,,0.00,0.00,0.00,0.00,0.00,0.00,0.00,0.00,0.00,0.00,0.00,0.00,0.00,0.00,0.00,0.00,0.00,0.00,0.00,0.00,0.00,0.00,0.00,0.00,0.00,0.00,"Zone Code Missing in data"
1Z3404530365920747,1Z3404530365056208,0000340453,000000340453303,2023-07-29,"Ground Comm(D)",2023-07-26,Miscellaneous,"27.00 lb","27.00 lb","27.00 lb","0.00 in","0.00 in","0.00 in","0.00 in",PKG,,,,NEWTOWN,18940,US,9.47,0.00,0.00,,,1.33,,14.00,,10.80,,,0.00,0.00,0.00,0.00,0.00,0.00,0.00,0.00,0.00,0.00,0.00,0.00,0.00,0.00,0.00,0.00,0.00,0.00,0.00,0.00,0.00,0.00,0.00,0.00,0.00,0.00,"Zone Code Missing in data"
1Z3404530365130690,1Z3404530365130109,0000340453,000000340453113,2023-03-18,"Ground Comm(D)",2023-03-13,Miscellaneous,"50.00 lb","50.00 lb","50.00 lb","0.00 in","0.00 in","0.00 in","0.00 in",PKG,,,,PITTSBURGH,15219,US,17.87,0.00,0.00,,,2.68,,15.50,,20.55,,,0.00,0.00,0.00,0.00,0.00,0.00,0.00,0.00,0.00,0.00,0.00,0.00,0.00,0.00,0.00,0.00,0.00,0.00,0.00,0.00,0.00,0.00,0.00,0.00,0.00,0.00,"Zone Code Missing in data"
1Z3404530365906496,1Z3404530365131957,0000340453,000000340453413,2023-10-14,"Ground Comm(D)",2023-10-09,Miscellaneous,"30.00 lb","30.00 lb","30.00 lb","0.00 in","0.00 in","0.00 in","0.00 in",PKG,,,,NEWTOWN,18940,US,9.48,0.00,0.00,,,1.49,,16.25,,10.97,,,0.00,0.00,0.00,0.00,0.00,0.00,0.00,0.00,0.00,0.00,0.00,0.00,0.00,0.00,0.00,0.00,0.00,0.00,0.00,0.00,0.00,0.00,0.00,0.00,0.00,0.00,"Zone Code Missing in data"
1Z3404530365157260,1Z3404530365157260,0000340453,000000340453073,2023-02-18,"Ground Comm(D)",2023-02-10,Miscellaneous,"50.00 lb","50.00 lb","50.00 lb","0.00 in","0.00 in","0.00 in","0.00 in",PKG,,,,DUBLIN,31021,US,17.87,0.00,0.00,,,2.81,,16.25,,20.68,,,0.00,0.00,0.00,0.00,0.00,0.00,0.00,0.00,0.00,0.00,0.00,0.00,0.00,0.00,0.00,0.00,0.00,0.00,0.00,0.00,0.00,0.00,0.00,0.00,0.00,0.00,"Zone Code Missing in data"
1Z3404530365906496,1Z3404530365177006,0000340453,000000340453413,2023-10-14,"Ground Comm(D)",2023-10-09,Miscellaneous,"30.00 lb","30.00 lb","30.00 lb","0.00 in","0.00 in","0.00 in","0.00 in",PKG,,,,NEWTOWN,18940,US,9.48,0.00,0.00,,,1.49,,16.25,,10.97,,,0.00,0.00,0.00,0.00,0.00,0.00,0.00,0.00,0.00,0.00,0.00,0.00,0.00,0.00,0.00,0.00,0.00,0.00,0.00,0.00,0.00,0.00,0.00,0.00,0.00,0.00,"Zone Code Missing in data"
1Z3404530365266400,1Z3404530365206457,0000340453,000000340453343,2023-08-26,"Ground Comm(D)",2023-08-22,Miscellaneous,"10.00 lb","25.00 lb","25.00 lb","0.00 in","0.00 in","0.00 in","0.00 in",PKG,,,,MARIETTA,30067,US,11.87,0.00,0.00,,,1.81,,15.75,,13.68,,,0.00,0.00,0.00,0.00,0.00,0.00,0.00,0.00,0.00,0.00,0.00,0.00,0.00,0.00,0.00,0.00,0.00,0.00,0.00,0.00,0.00,0.00,0.00,0.00,0.00,0.00,"Zone Code Missing in data"
1Z3404530365157260,1Z3404530365225089,0000340453,000000340453073,2023-02-18,"Ground Comm(D)",2023-02-10,Miscellaneous,"50.00 lb","50.00 lb","50.00 lb","0.00 in","0.00 in","0.00 in","0.00 in",PKG,,,,DUBLIN,31021,US,17.87,0.00,0.00,,,2.81,,16.25,,20.68,,,0.00,0.00,0.00,0.00,0.00,0.00,0.00,0.00,0.00,0.00,0.00,0.00,0.00,0.00,0.00,0.00,0.00,0.00,0.00,0.00,0.00,0.00,0.00,0.00,0.00,0.00,"Zone Code Missing in data"
1Z3404530365920747,1Z3404530365229638,0000340453,000000340453303,2023-07-29,"Ground Comm(D)",2023-07-26,Miscellaneous,"27.00 lb","27.00 lb","27.00 lb","0.00 in","0.00 in","0.00 in","0.00 in",PKG,,,,NEWTOWN,18940,US,9.47,0.00,0.00,,,1.33,,14.00,,10.80,,,0.00,0.00,0.00,0.00,0.00,0.00,0.00,0.00,0.00,0.00,0.00,0.00,0.00,0.00,0.00,0.00,0.00,0.00,0.00,0.00,0.00,0.00,0.00,0.00,0.00,0.00,"Zone Code Missing in data"
1Z3404530365266400,1Z3404530365266400,0000340453,000000340453343,2023-08-26,"Ground Comm(D)",2023-08-22,Miscellaneous,"10.00 lb","26.00 lb","26.00 lb","0.00 in","0.00 in","0.00 in","0.00 in",PKG,,,,MARIETTA,30067,US,12.31,0.00,0.00,,,1.88,,15.75,,14.19,,,0.00,0.00,0.00,0.00,0.00,0.00,0.00,0.00,0.00,0.00,0.00,0.00,0.00,0.00,0.00,0.00,0.00,0.00,0.00,0.00,0.00,0.00,0.00,0.00,0.00,0.00,"Zone Code Missing in data"
1Z3404530365920747,1Z3404530365299812,0000340453,000000340453303,2023-07-29,"Ground Comm(D)",2023-07-26,Miscellaneous,"27.00 lb","27.00 lb","27.00 lb","0.00 in","0.00 in","0.00 in","0.00 in",PKG,,,,NEWTOWN,18940,US,9.47,0.00,0.00,,,1.33,,14.00,,10.80,,,0.00,0.00,0.00,0.00,0.00,0.00,0.00,0.00,0.00,0.00,0.00,0.00,0.00,0.00,0.00,0.00,0.00,0.00,0.00,0.00,0.00,0.00,0.00,0.00,0.00,0.00,"Zone Code Missing in data"
1Z3404530365906496,1Z3404530365345548,0000340453,000000340453413,2023-10-14,"Ground Comm(D)",2023-10-09,Miscellaneous,"30.00 lb","30.00 lb","30.00 lb","0.00 in","0.00 in","0.00 in","0.00 in",PKG,,,,NEWTOWN,18940,US,9.48,0.00,0.00,,,1.49,,16.25,,10.97,,,0.00,0.00,0.00,0.00,0.00,0.00,0.00,0.00,0.00,0.00,0.00,0.00,0.00,0.00,0.00,0.00,0.00,0.00,0.00,0.00,0.00,0.00,0.00,0.00,0.00,0.00,"Zone Code Missing in data"
1Z3404530367057641,1Z3404530365356661,0000340453,000000340453293,2023-07-22,"Ground Comm(D)",2023-07-18,Miscellaneous,"23.00 lb","30.00 lb","30.00 lb","0.00 in","0.00 in","0.00 in","0.00 in",PKG,,,,GREENEVILLE,37743,US,14.20,0.00,0.00,,,1.99,,14.00,,16.19,,,0.00,0.00,0.00,0.00,0.00,0.00,0.00,0.00,0.00,0.00,0.00,0.00,0.00,0.00,0.00,0.00,0.00,0.00,0.00,0.00,0.00,0.00,0.00,0.00,0.00,0.00,"Zone Code Missing in data"
1Z3404530366215338,1Z3404530365429958,0000340453,000000340453103,2023-03-11,"Ground Comm(D)",2023-03-07,Miscellaneous,"28.00 lb","28.00 lb","28.00 lb","0.00 in","0.00 in","0.00 in","0.00 in",PKG,,,,NEWTOWN,18940,US,9.47,0.00,0.00,,,1.42,,15.50,,10.89,,,0.00,0.00,0.00,0.00,0.00,0.00,0.00,0.00,0.00,0.00,0.00,0.00,0.00,0.00,0.00,0.00,0.00,0.00,0.00,0.00,0.00,0.00,0.00,0.00,0.00,0.00,"Zone Code Missing in data"
1Z3404530365906496,1Z3404530365443325,0000340453,000000340453413,2023-10-14,"Ground Comm(D)",2023-10-09,Miscellaneous,"30.00 lb","30.00 lb","30.00 lb","0.00 in","0.00 in","0.00 in","0.00 in",PKG,,,,NEWTOWN,18940,US,9.48,0.00,0.00,,,1.49,,16.25,,10.97,,,0.00,0.00,0.00,0.00,0.00,0.00,0.00,0.00,0.00,0.00,0.00,0.00,0.00,0.00,0.00,0.00,0.00,0.00,0.00,0.00,0.00,0.00,0.00,0.00,0.00,0.00,"Zone Code Missing in data"
1Z3404530367664271,1Z3404530365507284,0000340453,000000340453103,2023-03-11,"Ground Comm(D)",2023-03-06,Miscellaneous,"35.00 lb","38.00 lb","38.00 lb","0.00 in","0.00 in","0.00 in","0.00 in",PKG,,,,DUBLIN,31021,US,17.99,0.00,0.00,,,2.70,,15.50,,20.69,,,0.00,0.00,0.00,0.00,0.00,0.00,0.00,0.00,0.00,0.00,0.00,0.00,0.00,0.00,0.00,0.00,0.00,0.00,0.00,0.00,0.00,0.00,0.00,0.00,0.00,0.00,"Zone Code Missing in data"
1Z3404530365507917,1Z3404530365507917,0000340453,000000340453463,2023-11-18,"Ground Comm(D)",2023-11-10,Miscellaneous,"50.00 lb","51.00 lb","51.00 lb","0.00 in","0.00 in","0.00 in","0.00 in",PKG,,,,MCDONOUGH,30253,US,24.99,0.00,0.00,,,3.81,,16.00,,28.80,,,0.00,0.00,0.00,0.00,0.00,0.00,0.00,0.00,0.00,0.00,0.00,0.00,0.00,0.00,0.00,0.00,0.00,0.00,0.00,0.00,0.00,0.00,0.00,0.00,0.00,0.00,"Zone Code Missing in data"
1Z3404530366215338,1Z3404530365526647,0000340453,000000340453103,2023-03-11,"Ground Comm(D)",2023-03-07,Miscellaneous,"28.00 lb","28.00 lb","28.00 lb","0.00 in","0.00 in","0.00 in","0.00 in",PKG,,,,NEWTOWN,18940,US,9.59,0.00,0.00,,,1.44,,15.50,,11.03,,,0.00,0.00,0.00,0.00,0.00,0.00,0.00,0.00,0.00,0.00,0.00,0.00,0.00,0.00,0.00,0.00,0.00,0.00,0.00,0.00,0.00,0.00,0.00,0.00,0.00,0.00,"Zone Code Missing in data"
1Z3404530367874259,1Z3404530365579359,0000340453,000000340453033,2023-01-21,"Ground Comm(D)",2023-01-16,Miscellaneous,"30.00 lb","30.00 lb","30.00 lb","0.00 in","0.00 in","0.00 in","0.00 in",PKG,,,,NEWTOWN,18940,US,9.48,0.00,0.00,,,1.47,,16.25,,10.95,,,0.00,0.00,0.00,0.00,0.00,0.00,0.00,0.00,0.00,0.00,0.00,0.00,0.00,0.00,0.00,0.00,0.00,0.00,0.00,0.00,0.00,0.00,0.00,0.00,0.00,0.00,"Zone Code Missing in data"
1Z3404530365920747,1Z3404530365590863,0000340453,000000340453303,2023-07-29,"Ground Comm(D)",2023-07-26,Miscellaneous,"27.00 lb","27.00 lb","27.00 lb","0.00 in","0.00 in","0.00 in","0.00 in",PKG,,,,NEWTOWN,18940,US,9.47,0.00,0.00,,,1.33,,14.00,,10.80,,,0.00,0.00,0.00,0.00,0.00,0.00,0.00,0.00,0.00,0.00,0.00,0.00,0.00,0.00,0.00,0.00,0.00,0.00,0.00,0.00,0.00,0.00,0.00,0.00,0.00,0.00,"Zone Code Missing in data"
1Z3404530365507917,1Z3404530365599720,0000340453,000000340453463,2023-11-18,"Ground Comm(D)",2023-11-10,Miscellaneous,"50.00 lb","50.00 lb","50.00 lb","0.00 in","0.00 in","0.00 in","0.00 in",PKG,,,,MCDONOUGH,30253,US,24.50,0.00,0.00,,,3.74,,16.00,,28.24,,,0.00,0.00,0.00,0.00,0.00,0.00,0.00,0.00,0.00,0.00,0.00,0.00,0.00,0.00,0.00,0.00,0.00,0.00,0.00,0.00,0.00,0.00,0.00,0.00,0.00,0.00,"Zone Code Missing in data"
1Z3404530366659734,1Z3404530365609772,0000340453,000000340453163,2023-04-22,"Ground Comm(D)",2023-04-20,Miscellaneous,"30.00 lb","30.00 lb","30.00 lb","0.00 in","0.00 in","0.00 in","0.00 in",PKG,,,,"POMPANO BEACH",33069,US,9.48,0.00,0.00,,,1.40,,15.00,,10.88,,,0.00,0.00,0.00,0.00,0.00,0.00,0.00,0.00,0.00,0.00,0.00,0.00,0.00,0.00,0.00,0.00,0.00,0.00,0.00,0.00,0.00,0.00,0.00,0.00,0.00,0.00,"Zone Code Missing in data"
1Z3404530367664271,1Z3404530365639909,0000340453,000000340453103,2023-03-11,"Ground Comm(D)",2023-03-06,Miscellaneous,"35.00 lb","37.00 lb","37.00 lb","0.00 in","0.00 in","0.00 in","0.00 in",PKG,,,,DUBLIN,31021,US,17.53,0.00,0.00,,,2.63,,15.50,,20.16,,,0.00,0.00,0.00,0.00,0.00,0.00,0.00,0.00,0.00,0.00,0.00,0.00,0.00,0.00,0.00,0.00,0.00,0.00,0.00,0.00,0.00,0.00,0.00,0.00,0.00,0.00,"Zone Code Missing in data"
1Z3404530367499263,1Z3404530365647089,0000340453,000000340453373,2023-09-16,"Ground Comm(D)",2023-09-08,Miscellaneous,"30.00 lb","30.00 lb","30.00 lb","0.00 in","0.00 in","0.00 in","0.00 in",PKG,,,,NEWTOWN,18940,US,9.48,0.00,0.00,,,1.47,,16.00,,10.95,,,0.00,0.00,0.00,0.00,0.00,0.00,0.00,0.00,0.00,0.00,0.00,0.00,0.00,0.00,0.00,0.00,0.00,0.00,0.00,0.00,0.00,0.00,0.00,0.00,0.00,0.00,"Zone Code Missing in data"
1Z3404530366215338,1Z3404530365696437,0000340453,000000340453103,2023-03-11,"Ground Comm(D)",2023-03-07,Miscellaneous,"28.00 lb","28.00 lb","28.00 lb","0.00 in","0.00 in","0.00 in","0.00 in",PKG,,,,NEWTOWN,18940,US,9.47,0.00,0.00,,,1.42,,15.50,,10.89,,,0.00,0.00,0.00,0.00,0.00,0.00,0.00,0.00,0.00,0.00,0.00,0.00,0.00,0.00,0.00,0.00,0.00,0.00,0.00,0.00,0.00,0.00,0.00,0.00,0.00,0.00,"Zone Code Missing in data"
1Z3404530366659734,1Z3404530365730354,0000340453,000000340453163,2023-04-22,"Ground Comm(D)",2023-04-20,Miscellaneous,"30.00 lb","30.00 lb","30.00 lb","0.00 in","0.00 in","0.00 in","0.00 in",PKG,,,,"POMPANO BEACH",33069,US,9.48,0.00,0.00,,,1.40,,15.00,,10.88,,,0.00,0.00,0.00,0.00,0.00,0.00,0.00,0.00,0.00,0.00,0.00,0.00,0.00,0.00,0.00,0.00,0.00,0.00,0.00,0.00,0.00,0.00,0.00,0.00,0.00,0.00,"Zone Code Missing in data"
1Z3404530367499263,1Z3404530365731700,0000340453,000000340453373,2023-09-16,"Ground Comm(D)",2023-09-08,Miscellaneous,"30.00 lb","30.00 lb","30.00 lb","0.00 in","0.00 in","0.00 in","0.00 in",PKG,,,,NEWTOWN,18940,US,9.48,0.00,0.00,,,1.47,,16.00,,10.95,,,0.00,0.00,0.00,0.00,0.00,0.00,0.00,0.00,0.00,0.00,0.00,0.00,0.00,0.00,0.00,0.00,0.00,0.00,0.00,0.00,0.00,0.00,0.00,0.00,0.00,0.00,"Zone Code Missing in data"
1Z3404530367140158,1Z3404530365771579,0000340453,000000340453133,2023-04-01,"Ground Comm(D)",2023-03-24,Miscellaneous,"50.00 lb","50.00 lb","50.00 lb","0.00 in","0.00 in","0.00 in","0.00 in",PKG,,,,PITTSBURGH,15219,US,17.87,0.00,0.00,,,2.68,,15.25,,20.55,,,0.00,0.00,0.00,0.00,0.00,0.00,0.00,0.00,0.00,0.00,0.00,0.00,0.00,0.00,0.00,0.00,0.00,0.00,0.00,0.00,0.00,0.00,0.00,0.00,0.00,0.00,"Zone Code Missing in data"
1Z3404530365920747,1Z3404530365776252,0000340453,000000340453303,2023-07-29,"Ground Comm(D)",2023-07-26,Miscellaneous,"27.00 lb","27.00 lb","27.00 lb","0.00 in","0.00 in","0.00 in","0.00 in",PKG,,,,NEWTOWN,18940,US,9.47,0.00,0.00,,,1.33,,14.00,,10.80,,,0.00,0.00,0.00,0.00,0.00,0.00,0.00,0.00,0.00,0.00,0.00,0.00,0.00,0.00,0.00,0.00,0.00,0.00,0.00,0.00,0.00,0.00,0.00,0.00,0.00,0.00,"Zone Code Missing in data"
1Z3404530366215338,1Z3404530365814611,0000340453,000000340453103,2023-03-11,"Ground Comm(D)",2023-03-07,Miscellaneous,"28.00 lb","28.00 lb","28.00 lb","0.00 in","0.00 in","0.00 in","0.00 in",PKG,,,,NEWTOWN,18940,US,9.47,0.00,0.00,,,1.42,,15.50,,10.89,,,0.00,0.00,0.00,0.00,0.00,0.00,0.00,0.00,0.00,0.00,0.00,0.00,0.00,0.00,0.00,0.00,0.00,0.00,0.00,0.00,0.00,0.00,0.00,0.00,0.00,0.00,"Zone Code Missing in data"
1Z3404530366215338,1Z3404530365877590,0000340453,000000340453103,2023-03-11,"Ground Comm(D)",2023-03-07,Miscellaneous,"28.00 lb","28.00 lb","28.00 lb","0.00 in","0.00 in","0.00 in","0.00 in",PKG,,,,NEWTOWN,18940,US,9.47,0.00,0.00,,,1.42,,15.50,,10.89,,,0.00,0.00,0.00,0.00,0.00,0.00,0.00,0.00,0.00,0.00,0.00,0.00,0.00,0.00,0.00,0.00,0.00,0.00,0.00,0.00,0.00,0.00,0.00,0.00,0.00,0.00,"Zone Code Missing in data"
1Z3404530366215338,1Z3404530365898568,0000340453,000000340453103,2023-03-11,"Ground Comm(D)",2023-03-07,Miscellaneous,"28.00 lb","28.00 lb","28.00 lb","0.00 in","0.00 in","0.00 in","0.00 in",PKG,,,,NEWTOWN,18940,US,9.47,0.00,0.00,,,1.42,,15.50,,10.89,,,0.00,0.00,0.00,0.00,0.00,0.00,0.00,0.00,0.00,0.00,0.00,0.00,0.00,0.00,0.00,0.00,0.00,0.00,0.00,0.00,0.00,0.00,0.00,0.00,0.00,0.00,"Zone Code Missing in data"
1Z3404530365906496,1Z3404530365906496,0000340453,000000340453413,2023-10-14,"Ground Comm(D)",2023-10-09,Miscellaneous,"30.00 lb","30.00 lb","30.00 lb","0.00 in","0.00 in","0.00 in","0.00 in",PKG,,,,NEWTOWN,18940,US,9.48,0.00,0.00,,,1.49,,16.25,,10.97,,,0.00,0.00,0.00,0.00,0.00,0.00,0.00,0.00,0.00,0.00,0.00,0.00,0.00,0.00,0.00,0.00,0.00,0.00,0.00,0.00,0.00,0.00,0.00,0.00,0.00,0.00,"Zone Code Missing in data"
1Z3404530365920747,1Z3404530365920747,0000340453,000000340453303,2023-07-29,"Ground Comm(D)",2023-07-26,Miscellaneous,"27.00 lb","27.00 lb","27.00 lb","0.00 in","0.00 in","0.00 in","0.00 in",PKG,,,,NEWTOWN,18940,US,9.47,0.00,0.00,,,1.33,,14.00,,10.80,,,0.00,0.00,0.00,0.00,0.00,0.00,0.00,0.00,0.00,0.00,0.00,0.00,0.00,0.00,0.00,0.00,0.00,0.00,0.00,0.00,0.00,0.00,0.00,0.00,0.00,0.00,"Zone Code Missing in data"
1Z3404530367874259,1Z3404530365989675,0000340453,000000340453033,2023-01-21,"Ground Comm(D)",2023-01-16,Miscellaneous,"30.00 lb","30.00 lb","30.00 lb","0.00 in","0.00 in","0.00 in","0.00 in",PKG,,,,NEWTOWN,18940,US,9.48,0.00,0.00,,,1.47,,16.25,,10.95,,,0.00,0.00,0.00,0.00,0.00,0.00,0.00,0.00,0.00,0.00,0.00,0.00,0.00,0.00,0.00,0.00,0.00,0.00,0.00,0.00,0.00,0.00,0.00,0.00,0.00,0.00,"Zone Code Missing in data"
1Z3404530366659734,1Z3404530366015401,0000340453,000000340453163,2023-04-22,"Ground Comm(D)",2023-04-20,Miscellaneous,"30.00 lb","30.00 lb","30.00 lb","0.00 in","0.00 in","0.00 in","0.00 in",PKG,,,,"POMPANO BEACH",33069,US,9.48,0.00,0.00,,,1.40,,15.00,,10.88,,,0.00,0.00,0.00,0.00,0.00,0.00,0.00,0.00,0.00,0.00,0.00,0.00,0.00,0.00,0.00,0.00,0.00,0.00,0.00,0.00,0.00,0.00,0.00,0.00,0.00,0.00,"Zone Code Missing in data"
1Z3404530365157260,1Z3404530366026079,0000340453,000000340453073,2023-02-18,"Ground Comm(D)",2023-02-10,Miscellaneous,"50.00 lb","50.00 lb","50.00 lb","0.00 in","0.00 in","0.00 in","0.00 in",PKG,,,,DUBLIN,31021,US,17.87,0.00,0.00,,,2.81,,16.25,,20.68,,,0.00,0.00,0.00,0.00,0.00,0.00,0.00,0.00,0.00,0.00,0.00,0.00,0.00,0.00,0.00,0.00,0.00,0.00,0.00,0.00,0.00,0.00,0.00,0.00,0.00,0.00,"Zone Code Missing in data"
1Z3404530365920747,1Z3404530366034793,0000340453,000000340453303,2023-07-29,"Ground Comm(D)",2023-07-26,Miscellaneous,"27.00 lb","27.00 lb","27.00 lb","0.00 in","0.00 in","0.00 in","0.00 in",PKG,,,,NEWTOWN,18940,US,9.47,0.00,0.00,,,1.33,,14.00,,10.80,,,0.00,0.00,0.00,0.00,0.00,0.00,0.00,0.00,0.00,0.00,0.00,0.00,0.00,0.00,0.00,0.00,0.00,0.00,0.00,0.00,0.00,0.00,0.00,0.00,0.00,0.00,"Zone Code Missing in data"
1Z3404530366659734,1Z3404530366062780,0000340453,000000340453163,2023-04-22,"Ground Comm(D)",2023-04-20,Miscellaneous,"30.00 lb","30.00 lb","30.00 lb","0.00 in","0.00 in","0.00 in","0.00 in",PKG,,,,"POMPANO BEACH",33069,US,9.48,0.00,0.00,,,1.40,,15.00,,10.88,,,0.00,0.00,0.00,0.00,0.00,0.00,0.00,0.00,0.00,0.00,0.00,0.00,0.00,0.00,0.00,0.00,0.00,0.00,0.00,0.00,0.00,0.00,0.00,0.00,0.00,0.00,"Zone Code Missing in data"
1Z3404530367874259,1Z3404530366065894,0000340453,000000340453033,2023-01-21,"Ground Comm(D)",2023-01-16,Miscellaneous,"30.00 lb","30.00 lb","30.00 lb","0.00 in","0.00 in","0.00 in","0.00 in",PKG,,,,NEWTOWN,18940,US,9.48,0.00,0.00,,,1.47,,16.25,,10.95,,,0.00,0.00,0.00,0.00,0.00,0.00,0.00,0.00,0.00,0.00,0.00,0.00,0.00,0.00,0.00,0.00,0.00,0.00,0.00,0.00,0.00,0.00,0.00,0.00,0.00,0.00,"Zone Code Missing in data"
1Z3404530365130690,1Z3404530366111717,0000340453,000000340453113,2023-03-18,"Ground Comm(D)",2023-03-13,Miscellaneous,"50.00 lb","50.00 lb","50.00 lb","0.00 in","0.00 in","0.00 in","0.00 in",PKG,,,,PITTSBURGH,15219,US,17.87,0.00,0.00,,,2.68,,15.50,,20.55,,,0.00,0.00,0.00,0.00,0.00,0.00,0.00,0.00,0.00,0.00,0.00,0.00,0.00,0.00,0.00,0.00,0.00,0.00,0.00,0.00,0.00,0.00,0.00,0.00,0.00,0.00,"Zone Code Missing in data"
1Z3404530367874259,1Z3404530366148732,0000340453,000000340453033,2023-01-21,"Ground Comm(D)",2023-01-16,Miscellaneous,"30.00 lb","30.00 lb","30.00 lb","0.00 in","0.00 in","0.00 in","0.00 in",PKG,,,,NEWTOWN,18940,US,9.48,0.00,0.00,,,1.47,,16.25,,10.95,,,0.00,0.00,0.00,0.00,0.00,0.00,0.00,0.00,0.00,0.00,0.00,0.00,0.00,0.00,0.00,0.00,0.00,0.00,0.00,0.00,0.00,0.00,0.00,0.00,0.00,0.00,"Zone Code Missing in data"
1Z3404530366562678,1Z3404530366158892,0000340453,000000340453463,2023-11-18,"Ground Comm(D)",2023-11-10,Miscellaneous,"11.00 lb","38.00 lb","38.00 lb","0.00 in","0.00 in","0.00 in","0.00 in",PKG,,,,SEARCY,72143,US,18.62,0.00,0.00,,,2.84,,16.00,,21.46,,,0.00,0.00,0.00,0.00,0.00,0.00,0.00,0.00,0.00,0.00,0.00,0.00,0.00,0.00,0.00,0.00,0.00,0.00,0.00,0.00,0.00,0.00,0.00,0.00,0.00,0.00,"Zone Code Missing in data"
1Z3404530367499263,1Z3404530366185317,0000340453,000000340453373,2023-09-16,"Ground Comm(D)",2023-09-08,Miscellaneous,"30.00 lb","30.00 lb","30.00 lb","0.00 in","0.00 in","0.00 in","0.00 in",PKG,,,,NEWTOWN,18940,US,9.48,0.00,0.00,,,1.47,,16.00,,10.95,,,0.00,0.00,0.00,0.00,0.00,0.00,0.00,0.00,0.00,0.00,0.00,0.00,0.00,0.00,0.00,0.00,0.00,0.00,0.00,0.00,0.00,0.00,0.00,0.00,0.00,0.00,"Zone Code Missing in data"
1Z3404530366215338,1Z3404530366215338,0000340453,000000340453103,2023-03-11,"Ground Comm(D)",2023-03-07,Miscellaneous,"28.00 lb","28.00 lb","28.00 lb","0.00 in","0.00 in","0.00 in","0.00 in",PKG,,,,NEWTOWN,18940,US,9.47,0.00,0.00,,,1.42,,15.50,,10.89,,,0.00,0.00,0.00,0.00,0.00,0.00,0.00,0.00,0.00,0.00,0.00,0.00,0.00,0.00,0.00,0.00,0.00,0.00,0.00,0.00,0.00,0.00,0.00,0.00,0.00,0.00,"Zone Code Missing in data"
1Z3404530367057641,1Z3404530366226059,0000340453,000000340453293,2023-07-22,"Ground Comm(D)",2023-07-18,Miscellaneous,"23.00 lb","30.00 lb","30.00 lb","0.00 in","0.00 in","0.00 in","0.00 in",PKG,,,,GREENEVILLE,37743,US,14.20,0.00,0.00,,,1.99,,14.00,,16.19,,,0.00,0.00,0.00,0.00,0.00,0.00,0.00,0.00,0.00,0.00,0.00,0.00,0.00,0.00,0.00,0.00,0.00,0.00,0.00,0.00,0.00,0.00,0.00,0.00,0.00,0.00,"Zone Code Missing in data"
1Z3404530365906496,1Z3404530366400388,0000340453,000000340453413,2023-10-14,"Ground Comm(D)",2023-10-09,Miscellaneous,"30.00 lb","30.00 lb","30.00 lb","0.00 in","0.00 in","0.00 in","0.00 in",PKG,,,,NEWTOWN,18940,US,9.48,0.00,0.00,,,1.49,,16.25,,10.97,,,0.00,0.00,0.00,0.00,0.00,0.00,0.00,0.00,0.00,0.00,0.00,0.00,0.00,0.00,0.00,0.00,0.00,0.00,0.00,0.00,0.00,0.00,0.00,0.00,0.00,0.00,"Zone Code Missing in data"
1Z3404530365906496,1Z3404530366440568,0000340453,000000340453413,2023-10-14,"Ground Comm(D)",2023-10-09,Miscellaneous,"30.00 lb","30.00 lb","30.00 lb","0.00 in","0.00 in","0.00 in","0.00 in",PKG,,,,NEWTOWN,18940,US,9.48,0.00,0.00,,,1.49,,16.25,,10.97,,,0.00,0.00,0.00,0.00,0.00,0.00,0.00,0.00,0.00,0.00,0.00,0.00,0.00,0.00,0.00,0.00,0.00,0.00,0.00,0.00,0.00,0.00,0.00,0.00,0.00,0.00,"Zone Code Missing in data"
1Z3404530367664271,1Z3404530366444493,0000340453,000000340453103,2023-03-11,"Ground Comm(D)",2023-03-06,Miscellaneous,"35.00 lb","38.00 lb","38.00 lb","0.00 in","0.00 in","0.00 in","0.00 in",PKG,,,,DUBLIN,31021,US,17.99,0.00,0.00,,,2.70,,15.50,,20.69,,,0.00,0.00,0.00,0.00,0.00,0.00,0.00,0.00,0.00,0.00,0.00,0.00,0.00,0.00,0.00,0.00,0.00,0.00,0.00,0.00,0.00,0.00,0.00,0.00,0.00,0.00,"Zone Code Missing in data"
1Z3404530367874259,1Z3404530366449309,0000340453,000000340453033,2023-01-21,"Ground Comm(D)",2023-01-16,Miscellaneous,"30.00 lb","30.00 lb","30.00 lb","0.00 in","0.00 in","0.00 in","0.00 in",PKG,,,,NEWTOWN,18940,US,9.48,0.00,0.00,,,1.47,,16.25,,10.95,,,0.00,0.00,0.00,0.00,0.00,0.00,0.00,0.00,0.00,0.00,0.00,0.00,0.00,0.00,0.00,0.00,0.00,0.00,0.00,0.00,0.00,0.00,0.00,0.00,0.00,0.00,"Zone Code Missing in data"
1Z3404530366451789,1Z3404530366451789,0000340453,000000340453033,2023-01-21,"Ground Comm(D)",2023-01-17,Miscellaneous,"32.00 lb","38.00 lb","38.00 lb","0.00 in","0.00 in","0.00 in","0.00 in",PKG,,,,DUBLIN,31021,US,17.99,0.00,0.00,,,2.79,,16.25,,20.78,,,0.00,0.00,0.00,0.00,0.00,0.00,0.00,0.00,0.00,0.00,0.00,0.00,0.00,0.00,0.00,0.00,0.00,0.00,0.00,0.00,0.00,0.00,0.00,0.00,0.00,0.00,"Zone Code Missing in data"
1Z3404530365906496,1Z3404530366479518,0000340453,000000340453413,2023-10-14,"Ground Comm(D)",2023-10-09,Miscellaneous,"30.00 lb","30.00 lb","30.00 lb","0.00 in","0.00 in","0.00 in","0.00 in",PKG,,,,NEWTOWN,18940,US,9.48,0.00,0.00,,,1.49,,16.25,,10.97,,,0.00,0.00,0.00,0.00,0.00,0.00,0.00,0.00,0.00,0.00,0.00,0.00,0.00,0.00,0.00,0.00,0.00,0.00,0.00,0.00,0.00,0.00,0.00,0.00,0.00,0.00,"Zone Code Missing in data"
1Z3404530367057641,1Z3404530366480480,0000340453,000000340453293,2023-07-22,"Ground Comm(D)",2023-07-18,Miscellaneous,"23.00 lb","30.00 lb","30.00 lb","0.00 in","0.00 in","0.00 in","0.00 in",PKG,,,,GREENEVILLE,37743,US,14.23,0.00,0.00,,,1.99,,14.00,,16.22,,,0.00,0.00,0.00,0.00,0.00,0.00,0.00,0.00,0.00,0.00,0.00,0.00,0.00,0.00,0.00,0.00,0.00,0.00,0.00,0.00,0.00,0.00,0.00,0.00,0.00,0.00,"Zone Code Missing in data"
1Z3404530367140158,1Z3404530366492762,0000340453,000000340453133,2023-04-01,"Ground Comm(D)",2023-03-24,Miscellaneous,"50.00 lb","50.00 lb","50.00 lb","0.00 in","0.00 in","0.00 in","0.00 in",PKG,,,,PITTSBURGH,15219,US,17.87,0.00,0.00,,,2.68,,15.25,,20.55,,,0.00,0.00,0.00,0.00,0.00,0.00,0.00,0.00,0.00,0.00,0.00,0.00,0.00,0.00,0.00,0.00,0.00,0.00,0.00,0.00,0.00,0.00,0.00,0.00,0.00,0.00,"Zone Code Missing in data"
1Z3404530365266400,1Z3404530366531835,0000340453,000000340453343,2023-08-26,"Ground Comm(D)",2023-08-22,Miscellaneous,"10.00 lb","25.00 lb","25.00 lb","0.00 in","0.00 in","0.00 in","0.00 in",PKG,,,,MARIETTA,30067,US,11.83,0.00,0.00,,,1.80,,15.75,,13.63,,,0.00,0.00,0.00,0.00,0.00,0.00,0.00,0.00,0.00,0.00,0.00,0.00,0.00,0.00,0.00,0.00,0.00,0.00,0.00,0.00,0.00,0.00,0.00,0.00,0.00,0.00,"Zone Code Missing in data"
1Z3404530366514032,1Z3404530366536241,0000340453,000000340453373,2023-09-16,"Ground Comm(D)",2023-09-08,Miscellaneous,"33.00 lb","50.00 lb","50.00 lb","0.00 in","0.00 in","0.00 in","0.00 in",PKG,,,,JACKSONVILLE,32212,US,23.67,0.00,0.00,,,3.67,,16.00,,27.34,,,0.00,0.00,0.00,0.00,0.00,0.00,0.00,0.00,0.00,0.00,0.00,0.00,0.00,0.00,0.00,0.00,0.00,0.00,0.00,0.00,0.00,0.00,0.00,0.00,0.00,0.00,"Zone Code Missing in data"
1Z3404530366451789,1Z3404530366578992,0000340453,000000340453033,2023-01-21,"Ground Comm(D)",2023-01-17,Miscellaneous,"32.00 lb","38.00 lb","38.00 lb","0.00 in","0.00 in","0.00 in","0.00 in",PKG,,,,DUBLIN,31021,US,17.99,0.00,0.00,,,2.79,,16.25,,20.78,,,0.00,0.00,0.00,0.00,0.00,0.00,0.00,0.00,0.00,0.00,0.00,0.00,0.00,0.00,0.00,0.00,0.00,0.00,0.00,0.00,0.00,0.00,0.00,0.00,0.00,0.00,"Zone Code Missing in data"
1Z3404530366562678,1Z3404530366602302,0000340453,000000340453463,2023-11-18,"Ground Comm(D)",2023-11-10,Miscellaneous,"11.00 lb","37.00 lb","37.00 lb","0.00 in","0.00 in","0.00 in","0.00 in",PKG,,,,SEARCY,72143,US,18.14,0.00,0.00,,,2.77,,16.00,,20.91,,,0.00,0.00,0.00,0.00,0.00,0.00,0.00,0.00,0.00,0.00,0.00,0.00,0.00,0.00,0.00,0.00,0.00,0.00,0.00,0.00,0.00,0.00,0.00,0.00,0.00,0.00,"Zone Code Missing in data"
1Z3404530365906496,1Z3404530366637338,0000340453,000000340453413,2023-10-14,"Ground Comm(D)",2023-10-09,Miscellaneous,"30.00 lb","30.00 lb","30.00 lb","0.00 in","0.00 in","0.00 in","0.00 in",PKG,,,,NEWTOWN,18940,US,9.48,0.00,0.00,,,1.49,,16.25,,10.97,,,0.00,0.00,0.00,0.00,0.00,0.00,0.00,0.00,0.00,0.00,0.00,0.00,0.00,0.00,0.00,0.00,0.00,0.00,0.00,0.00,0.00,0.00,0.00,0.00,0.00,0.00,"Zone Code Missing in data"
1Z3404530366659734,1Z3404530366659734,0000340453,000000340453163,2023-04-22,"Ground Comm(D)",2023-04-20,Miscellaneous,"30.00 lb","30.00 lb","30.00 lb","0.00 in","0.00 in","0.00 in","0.00 in",PKG,,,,"POMPANO BEACH",33069,US,9.48,0.00,0.00,,,1.40,,15.00,,10.88,,,0.00,0.00,0.00,0.00,0.00,0.00,0.00,0.00,0.00,0.00,0.00,0.00,0.00,0.00,0.00,0.00,0.00,0.00,0.00,0.00,0.00,0.00,0.00,0.00,0.00,0.00,"Zone Code Missing in data"
1Z3404530367874259,1Z3404530366700689,0000340453,000000340453033,2023-01-21,"Ground Comm(D)",2023-01-16,Miscellaneous,"30.00 lb","30.00 lb","30.00 lb","0.00 in","0.00 in","0.00 in","0.00 in",PKG,,,,NEWTOWN,18940,US,9.48,0.00,0.00,,,1.47,,16.25,,10.95,,,0.00,0.00,0.00,0.00,0.00,0.00,0.00,0.00,0.00,0.00,0.00,0.00,0.00,0.00,0.00,0.00,0.00,0.00,0.00,0.00,0.00,0.00,0.00,0.00,0.00,0.00,"Zone Code Missing in data"
1Z3404530366736972,1Z3404530366736972,0000340453,000000340453053,2023-02-04,"Ground Comm(D)",2023-01-27,Miscellaneous,"35.00 lb","38.00 lb","38.00 lb","0.00 in","0.00 in","0.00 in","0.00 in",PKG,,,,DOUGLAS,31533,US,17.99,0.00,0.00,,,2.79,,16.00,,20.78,,,0.00,0.00,0.00,0.00,0.00,0.00,0.00,0.00,0.00,0.00,0.00,0.00,0.00,0.00,0.00,0.00,0.00,0.00,0.00,0.00,0.00,0.00,0.00,0.00,0.00,0.00,"Zone Code Missing in data"
1Z3404530365920747,1Z3404530366762578,0000340453,000000340453303,2023-07-29,"Ground Comm(D)",2023-07-26,Miscellaneous,"27.00 lb","27.00 lb","27.00 lb","0.00 in","0.00 in","0.00 in","0.00 in",PKG,,,,NEWTOWN,18940,US,9.47,0.00,0.00,,,1.33,,14.00,,10.80,,,0.00,0.00,0.00,0.00,0.00,0.00,0.00,0.00,0.00,0.00,0.00,0.00,0.00,0.00,0.00,0.00,0.00,0.00,0.00,0.00,0.00,0.00,0.00,0.00,0.00,0.00,"Zone Code Missing in data"
1Z3404530366451789,1Z3404530366764405,0000340453,000000340453033,2023-01-21,"Ground Comm(D)",2023-01-17,Miscellaneous,"32.00 lb","38.00 lb","38.00 lb","0.00 in","0.00 in","0.00 in","0.00 in",PKG,,,,DUBLIN,31021,US,17.99,0.00,0.00,,,2.79,,16.25,,20.78,,,0.00,0.00,0.00,0.00,0.00,0.00,0.00,0.00,0.00,0.00,0.00,0.00,0.00,0.00,0.00,0.00,0.00,0.00,0.00,0.00,0.00,0.00,0.00,0.00,0.00,0.00,"Zone Code Missing in data"
1Z3404530367874259,1Z3404530366848860,0000340453,000000340453033,2023-01-21,"Ground Comm(D)",2023-01-16,Miscellaneous,"30.00 lb","30.00 lb","30.00 lb","0.00 in","0.00 in","0.00 in","0.00 in",PKG,,,,NEWTOWN,18940,US,9.48,0.00,0.00,,,1.47,,16.25,,10.95,,,0.00,0.00,0.00,0.00,0.00,0.00,0.00,0.00,0.00,0.00,0.00,0.00,0.00,0.00,0.00,0.00,0.00,0.00,0.00,0.00,0.00,0.00,0.00,0.00,0.00,0.00,"Zone Code Missing in data"
1Z3404530366659734,1Z3404530366975946,0000340453,000000340453163,2023-04-22,"Ground Comm(D)",2023-04-20,Miscellaneous,"30.00 lb","30.00 lb","30.00 lb","0.00 in","0.00 in","0.00 in","0.00 in",PKG,,,,"POMPANO BEACH",33069,US,9.48,0.00,0.00,,,1.40,,15.00,,10.88,,,0.00,0.00,0.00,0.00,0.00,0.00,0.00,0.00,0.00,0.00,0.00,0.00,0.00,0.00,0.00,0.00,0.00,0.00,0.00,0.00,0.00,0.00,0.00,0.00,0.00,0.00,"Zone Code Missing in data"
1Z3404530367499263,1Z3404530366985122,0000340453,000000340453373,2023-09-16,"Ground Comm(D)",2023-09-08,Miscellaneous,"30.00 lb","30.00 lb","30.00 lb","0.00 in","0.00 in","0.00 in","0.00 in",PKG,,,,NEWTOWN,18940,US,9.48,0.00,0.00,,,1.47,,16.00,,10.95,,,0.00,0.00,0.00,0.00,0.00,0.00,0.00,0.00,0.00,0.00,0.00,0.00,0.00,0.00,0.00,0.00,0.00,0.00,0.00,0.00,0.00,0.00,0.00,0.00,0.00,0.00,"Zone Code Missing in data"
1Z3404530367874259,1Z3404530366995960,0000340453,000000340453033,2023-01-21,"Ground Comm(D)",2023-01-16,Miscellaneous,"30.00 lb","30.00 lb","30.00 lb","0.00 in","0.00 in","0.00 in","0.00 in",PKG,,,,NEWTOWN,18940,US,9.48,0.00,0.00,,,1.47,,16.25,,10.95,,,0.00,0.00,0.00,0.00,0.00,0.00,0.00,0.00,0.00,0.00,0.00,0.00,0.00,0.00,0.00,0.00,0.00,0.00,0.00,0.00,0.00,0.00,0.00,0.00,0.00,0.00,"Zone Code Missing in data"
1Z3404530366215338,1Z3404530367013376,0000340453,000000340453103,2023-03-11,"Ground Comm(D)",2023-03-07,Miscellaneous,"28.00 lb","28.00 lb","28.00 lb","0.00 in","0.00 in","0.00 in","0.00 in",PKG,,,,NEWTOWN,18940,US,9.47,0.00,0.00,,,1.42,,15.50,,10.89,,,0.00,0.00,0.00,0.00,0.00,0.00,0.00,0.00,0.00,0.00,0.00,0.00,0.00,0.00,0.00,0.00,0.00,0.00,0.00,0.00,0.00,0.00,0.00,0.00,0.00,0.00,"Zone Code Missing in data"
1Z3404530365157260,1Z3404530367038297,0000340453,000000340453073,2023-02-18,"Ground Comm(D)",2023-02-10,Miscellaneous,"50.00 lb","50.00 lb","50.00 lb","0.00 in","0.00 in","0.00 in","0.00 in",PKG,,,,DUBLIN,31021,US,17.89,0.00,0.00,,,2.82,,16.25,,20.71,,,0.00,0.00,0.00,0.00,0.00,0.00,0.00,0.00,0.00,0.00,0.00,0.00,0.00,0.00,0.00,0.00,0.00,0.00,0.00,0.00,0.00,0.00,0.00,0.00,0.00,0.00,"Zone Code Missing in data"
1Z3404530367057641,1Z3404530367057641,0000340453,000000340453293,2023-07-22,"Ground Comm(D)",2023-07-18,Miscellaneous,"23.00 lb","31.00 lb","31.00 lb","0.00 in","0.00 in","0.00 in","0.00 in",PKG,,,,GREENEVILLE,37743,US,14.67,0.00,0.00,,,2.05,,14.00,,16.72,,,0.00,0.00,0.00,0.00,0.00,0.00,0.00,0.00,0.00,0.00,0.00,0.00,0.00,0.00,0.00,0.00,0.00,0.00,0.00,0.00,0.00,0.00,0.00,0.00,0.00,0.00,"Zone Code Missing in data"
1Z3404530366736972,1Z3404530367065196,0000340453,000000340453053,2023-02-04,"Ground Comm(D)",2023-01-27,Miscellaneous,"35.00 lb","38.00 lb","38.00 lb","0.00 in","0.00 in","0.00 in","0.00 in",PKG,,,,DOUGLAS,31533,US,17.99,0.00,0.00,,,2.79,,16.00,,20.78,,,0.00,0.00,0.00,0.00,0.00,0.00,0.00,0.00,0.00,0.00,0.00,0.00,0.00,0.00,0.00,0.00,0.00,0.00,0.00,0.00,0.00,0.00,0.00,0.00,0.00,0.00,"Zone Code Missing in data"
1Z3404530367874259,1Z3404530367094913,0000340453,000000340453033,2023-01-21,"Ground Comm(D)",2023-01-16,Miscellaneous,"30.00 lb","30.00 lb","30.00 lb","0.00 in","0.00 in","0.00 in","0.00 in",PKG,,,,NEWTOWN,18940,US,9.48,0.00,0.00,,,1.47,,16.25,,10.95,,,0.00,0.00,0.00,0.00,0.00,0.00,0.00,0.00,0.00,0.00,0.00,0.00,0.00,0.00,0.00,0.00,0.00,0.00,0.00,0.00,0.00,0.00,0.00,0.00,0.00,0.00,"Zone Code Missing in data"
1Z3404530367499263,1Z3404530367135137,0000340453,000000340453373,2023-09-16,"Ground Comm(D)",2023-09-08,Miscellaneous,"30.00 lb","30.00 lb","30.00 lb","0.00 in","0.00 in","0.00 in","0.00 in",PKG,,,,NEWTOWN,18940,US,9.48,0.00,0.00,,,1.47,,16.00,,10.95,,,0.00,0.00,0.00,0.00,0.00,0.00,0.00,0.00,0.00,0.00,0.00,0.00,0.00,0.00,0.00,0.00,0.00,0.00,0.00,0.00,0.00,0.00,0.00,0.00,0.00,0.00,"Zone Code Missing in data"
1Z3404530365906496,1Z3404530367141906,0000340453,000000340453413,2023-10-14,"Ground Comm(D)",2023-10-09,Miscellaneous,"30.00 lb","30.00 lb","30.00 lb","0.00 in","0.00 in","0.00 in","0.00 in",PKG,,,,NEWTOWN,18940,US,9.48,0.00,0.00,,,1.49,,16.25,,10.97,,,0.00,0.00,0.00,0.00,0.00,0.00,0.00,0.00,0.00,0.00,0.00,0.00,0.00,0.00,0.00,0.00,0.00,0.00,0.00,0.00,0.00,0.00,0.00,0.00,0.00,0.00,"Zone Code Missing in data"
1Z3404530367057641,1Z3404530367173471,0000340453,000000340453293,2023-07-22,"Ground Comm(D)",2023-07-18,Miscellaneous,"23.00 lb","30.00 lb","30.00 lb","0.00 in","0.00 in","0.00 in","0.00 in",PKG,,,,GREENEVILLE,37743,US,14.20,0.00,0.00,,,1.99,,14.00,,16.19,,,0.00,0.00,0.00,0.00,0.00,0.00,0.00,0.00,0.00,0.00,0.00,0.00,0.00,0.00,0.00,0.00,0.00,0.00,0.00,0.00,0.00,0.00,0.00,0.00,0.00,0.00,"Zone Code Missing in data"
1Z3404530365906496,1Z3404530367195377,0000340453,000000340453413,2023-10-14,"Ground Comm(D)",2023-10-09,Miscellaneous,"30.00 lb","30.00 lb","30.00 lb","0.00 in","0.00 in","0.00 in","0.00 in",PKG,,,,NEWTOWN,18940,US,9.48,0.00,0.00,,,1.49,,16.25,,10.97,,,0.00,0.00,0.00,0.00,0.00,0.00,0.00,0.00,0.00,0.00,0.00,0.00,0.00,0.00,0.00,0.00,0.00,0.00,0.00,0.00,0.00,0.00,0.00,0.00,0.00,0.00,"Zone Code Missing in data"
1Z3404530365130690,1Z3404530367199524,0000340453,000000340453113,2023-03-18,"Ground Comm(D)",2023-03-13,Miscellaneous,"50.00 lb","50.00 lb","50.00 lb","0.00 in","0.00 in","0.00 in","0.00 in",PKG,,,,PITTSBURGH,15219,US,17.89,0.00,0.00,,,2.68,,15.50,,20.57,,,0.00,0.00,0.00,0.00,0.00,0.00,0.00,0.00,0.00,0.00,0.00,0.00,0.00,0.00,0.00,0.00,0.00,0.00,0.00,0.00,0.00,0.00,0.00,0.00,0.00,0.00,"Zone Code Missing in data"
1Z3404530366736972,1Z3404530367213981,0000340453,000000340453053,2023-02-04,"Ground Comm(D)",2023-01-27,Miscellaneous,"35.00 lb","38.00 lb","38.00 lb","0.00 in","0.00 in","0.00 in","0.00 in",PKG,,,,DOUGLAS,31533,US,17.99,0.00,0.00,,,2.79,,16.00,,20.78,,,0.00,0.00,0.00,0.00,0.00,0.00,0.00,0.00,0.00,0.00,0.00,0.00,0.00,0.00,0.00,0.00,0.00,0.00,0.00,0.00,0.00,0.00,0.00,0.00,0.00,0.00,"Zone Code Missing in data"
1Z3404530366215338,1Z3404530367275003,0000340453,000000340453103,2023-03-11,"Ground Comm(D)",2023-03-07,Miscellaneous,"28.00 lb","28.00 lb","28.00 lb","0.00 in","0.00 in","0.00 in","0.00 in",PKG,,,,NEWTOWN,18940,US,9.47,0.00,0.00,,,1.42,,15.50,,10.89,,,0.00,0.00,0.00,0.00,0.00,0.00,0.00,0.00,0.00,0.00,0.00,0.00,0.00,0.00,0.00,0.00,0.00,0.00,0.00,0.00,0.00,0.00,0.00,0.00,0.00,0.00,"Zone Code Missing in data"
1Z3404530367499263,1Z3404530367319340,0000340453,000000340453373,2023-09-16,"Ground Comm(D)",2023-09-08,Miscellaneous,"30.00 lb","30.00 lb","30.00 lb","0.00 in","0.00 in","0.00 in","0.00 in",PKG,,,,NEWTOWN,18940,US,9.48,0.00,0.00,,,1.47,,16.00,,10.95,,,0.00,0.00,0.00,0.00,0.00,0.00,0.00,0.00,0.00,0.00,0.00,0.00,0.00,0.00,0.00,0.00,0.00,0.00,0.00,0.00,0.00,0.00,0.00,0.00,0.00,0.00,"Zone Code Missing in data"
1Z3404530365920747,1Z3404530367371677,0000340453,000000340453303,2023-07-29,"Ground Comm(D)",2023-07-26,Miscellaneous,"27.00 lb","27.00 lb","27.00 lb","0.00 in","0.00 in","0.00 in","0.00 in",PKG,,,,NEWTOWN,18940,US,9.61,0.00,0.00,,,1.35,,14.00,,10.96,,,0.00,0.00,0.00,0.00,0.00,0.00,0.00,0.00,0.00,0.00,0.00,0.00,0.00,0.00,0.00,0.00,0.00,0.00,0.00,0.00,0.00,0.00,0.00,0.00,0.00,0.00,"Zone Code Missing in data"
1Z3404530365266400,1Z3404530367394018,0000340453,000000340453343,2023-08-26,"Ground Comm(D)",2023-08-22,Miscellaneous,"10.00 lb","25.00 lb","25.00 lb","0.00 in","0.00 in","0.00 in","0.00 in",PKG,,,,MARIETTA,30067,US,11.83,0.00,0.00,,,1.80,,15.75,,13.63,,,0.00,0.00,0.00,0.00,0.00,0.00,0.00,0.00,0.00,0.00,0.00,0.00,0.00,0.00,0.00,0.00,0.00,0.00,0.00,0.00,0.00,0.00,0.00,0.00,0.00,0.00,"Zone Code Missing in data"
1Z3404530365266400,1Z3404530367430040,0000340453,000000340453343,2023-08-26,"Ground Comm(D)",2023-08-22,Miscellaneous,"10.00 lb","25.00 lb","25.00 lb","0.00 in","0.00 in","0.00 in","0.00 in",PKG,,,,MARIETTA,30067,US,11.83,0.00,0.00,,,1.80,,15.75,,13.63,,,0.00,0.00,0.00,0.00,0.00,0.00,0.00,0.00,0.00,0.00,0.00,0.00,0.00,0.00,0.00,0.00,0.00,0.00,0.00,0.00,0.00,0.00,0.00,0.00,0.00,0.00,"Zone Code Missing in data"
1Z3404530367499263,1Z3404530367499263,0000340453,000000340453373,2023-09-16,"Ground Comm(D)",2023-09-08,Miscellaneous,"30.00 lb","30.00 lb","30.00 lb","0.00 in","0.00 in","0.00 in","0.00 in",PKG,,,,NEWTOWN,18940,US,9.48,0.00,0.00,,,1.47,,16.00,,10.95,,,0.00,0.00,0.00,0.00,0.00,0.00,0.00,0.00,0.00,0.00,0.00,0.00,0.00,0.00,0.00,0.00,0.00,0.00,0.00,0.00,0.00,0.00,0.00,0.00,0.00,0.00,"Zone Code Missing in data"
1Z3404530367499263,1Z3404530367501759,0000340453,000000340453373,2023-09-16,"Ground Comm(D)",2023-09-08,Miscellaneous,"30.00 lb","30.00 lb","30.00 lb","0.00 in","0.00 in","0.00 in","0.00 in",PKG,,,,NEWTOWN,18940,US,9.48,0.00,0.00,,,1.47,,16.00,,10.95,,,0.00,0.00,0.00,0.00,0.00,0.00,0.00,0.00,0.00,0.00,0.00,0.00,0.00,0.00,0.00,0.00,0.00,0.00,0.00,0.00,0.00,0.00,0.00,0.00,0.00,0.00,"Zone Code Missing in data"
1Z3404530366514032,1Z3404530367516654,0000340453,000000340453373,2023-09-16,"Ground Comm(D)",2023-09-08,Miscellaneous,"33.00 lb","50.00 lb","50.00 lb","0.00 in","0.00 in","0.00 in","0.00 in",PKG,,,,JACKSONVILLE,32212,US,23.69,0.00,0.00,,,3.67,,16.00,,27.36,,,0.00,0.00,0.00,0.00,0.00,0.00,0.00,0.00,0.00,0.00,0.00,0.00,0.00,0.00,0.00,0.00,0.00,0.00,0.00,0.00,0.00,0.00,0.00,0.00,0.00,0.00,"Zone Code Missing in data"
1Z3404530366659734,1Z3404530367566967,0000340453,000000340453163,2023-04-22,"Ground Comm(D)",2023-04-20,Miscellaneous,"30.00 lb","30.00 lb","30.00 lb","0.00 in","0.00 in","0.00 in","0.00 in",PKG,,,,"POMPANO BEACH",33069,US,9.48,0.00,0.00,,,1.40,,15.00,,10.88,,,0.00,0.00,0.00,0.00,0.00,0.00,0.00,0.00,0.00,0.00,0.00,0.00,0.00,0.00,0.00,0.00,0.00,0.00,0.00,0.00,0.00,0.00,0.00,0.00,0.00,0.00,"Zone Code Missing in data"
1Z3404530367140158,1Z3404530367580585,0000340453,000000340453133,2023-04-01,"Ground Comm(D)",2023-03-24,Miscellaneous,"50.00 lb","50.00 lb","50.00 lb","0.00 in","0.00 in","0.00 in","0.00 in",PKG,,,,PITTSBURGH,15219,US,17.89,0.00,0.00,,,2.68,,15.25,,20.57,,,0.00,0.00,0.00,0.00,0.00,0.00,0.00,0.00,0.00,0.00,0.00,0.00,0.00,0.00,0.00,0.00,0.00,0.00,0.00,0.00,0.00,0.00,0.00,0.00,0.00,0.00,"Zone Code Missing in data"
1Z3404530365920747,1Z3404530367603845,0000340453,000000340453303,2023-07-29,"Ground Comm(D)",2023-07-26,Miscellaneous,"27.00 lb","27.00 lb","27.00 lb","0.00 in","0.00 in","0.00 in","0.00 in",PKG,,,,NEWTOWN,18940,US,9.47,0.00,0.00,,,1.33,,14.00,,10.80,,,0.00,0.00,0.00,0.00,0.00,0.00,0.00,0.00,0.00,0.00,0.00,0.00,0.00,0.00,0.00,0.00,0.00,0.00,0.00,0.00,0.00,0.00,0.00,0.00,0.00,0.00,"Zone Code Missing in data"
1Z3404530365920747,1Z3404530367663763,0000340453,000000340453303,2023-07-29,"Ground Comm(D)",2023-07-26,Miscellaneous,"27.00 lb","27.00 lb","27.00 lb","0.00 in","0.00 in","0.00 in","0.00 in",PKG,,,,NEWTOWN,18940,US,9.47,0.00,0.00,,,1.33,,14.00,,10.80,,,0.00,0.00,0.00,0.00,0.00,0.00,0.00,0.00,0.00,0.00,0.00,0.00,0.00,0.00,0.00,0.00,0.00,0.00,0.00,0.00,0.00,0.00,0.00,0.00,0.00,0.00,"Zone Code Missing in data"
1Z3404530365507917,1Z3404530367681734,0000340453,000000340453463,2023-11-18,"Ground Comm(D)",2023-11-10,Miscellaneous,"50.00 lb","50.00 lb","50.00 lb","0.00 in","0.00 in","0.00 in","0.00 in",PKG,,,,MCDONOUGH,30253,US,24.51,0.00,0.00,,,3.74,,16.00,,28.25,,,0.00,0.00,0.00,0.00,0.00,0.00,0.00,0.00,0.00,0.00,0.00,0.00,0.00,0.00,0.00,0.00,0.00,0.00,0.00,0.00,0.00,0.00,0.00,0.00,0.00,0.00,"Zone Code Missing in data"
1Z3404530366215338,1Z3404530367683545,0000340453,000000340453103,2023-03-11,"Ground Comm(D)",2023-03-07,Miscellaneous,"28.00 lb","28.00 lb","28.00 lb","0.00 in","0.00 in","0.00 in","0.00 in",PKG,,,,NEWTOWN,18940,US,9.47,0.00,0.00,,,1.42,,15.50,,10.89,,,0.00,0.00,0.00,0.00,0.00,0.00,0.00,0.00,0.00,0.00,0.00,0.00,0.00,0.00,0.00,0.00,0.00,0.00,0.00,0.00,0.00,0.00,0.00,0.00,0.00,0.00,"Zone Code Missing in data"
1Z3404530365920747,1Z3404530367689629,0000340453,000000340453303,2023-07-29,"Ground Comm(D)",2023-07-26,Miscellaneous,"27.00 lb","27.00 lb","27.00 lb","0.00 in","0.00 in","0.00 in","0.00 in",PKG,,,,NEWTOWN,18940,US,9.47,0.00,0.00,,,1.33,,14.00,,10.80,,,0.00,0.00,0.00,0.00,0.00,0.00,0.00,0.00,0.00,0.00,0.00,0.00,0.00,0.00,0.00,0.00,0.00,0.00,0.00,0.00,0.00,0.00,0.00,0.00,0.00,0.00,"Zone Code Missing in data"
1Z3404530367499263,1Z3404530367700294,0000340453,000000340453373,2023-09-16,"Ground Comm(D)",2023-09-08,Miscellaneous,"30.00 lb","30.00 lb","30.00 lb","0.00 in","0.00 in","0.00 in","0.00 in",PKG,,,,NEWTOWN,18940,US,9.48,0.00,0.00,,,1.47,,16.00,,10.95,,,0.00,0.00,0.00,0.00,0.00,0.00,0.00,0.00,0.00,0.00,0.00,0.00,0.00,0.00,0.00,0.00,0.00,0.00,0.00,0.00,0.00,0.00,0.00,0.00,0.00,0.00,"Zone Code Missing in data"
1Z3404530367874259,1Z3404530367726721,0000340453,000000340453033,2023-01-21,"Ground Comm(D)",2023-01-16,Miscellaneous,"30.00 lb","30.00 lb","30.00 lb","0.00 in","0.00 in","0.00 in","0.00 in",PKG,,,,NEWTOWN,18940,US,9.48,0.00,0.00,,,1.47,,16.25,,10.95,,,0.00,0.00,0.00,0.00,0.00,0.00,0.00,0.00,0.00,0.00,0.00,0.00,0.00,0.00,0.00,0.00,0.00,0.00,0.00,0.00,0.00,0.00,0.00,0.00,0.00,0.00,"Zone Code Missing in data"
1Z3404530365906496,1Z3404530367739593,0000340453,000000340453413,2023-10-14,"Ground Comm(D)",2023-10-09,Miscellaneous,"30.00 lb","30.00 lb","30.00 lb","0.00 in","0.00 in","0.00 in","0.00 in",PKG,,,,NEWTOWN,18940,US,9.48,0.00,0.00,,,1.49,,16.25,,10.97,,,0.00,0.00,0.00,0.00,0.00,0.00,0.00,0.00,0.00,0.00,0.00,0.00,0.00,0.00,0.00,0.00,0.00,0.00,0.00,0.00,0.00,0.00,0.00,0.00,0.00,0.00,"Zone Code Missing in data"
1Z3404530366215338,1Z3404530367778381,0000340453,000000340453103,2023-03-11,"Ground Comm(D)",2023-03-07,Miscellaneous,"28.00 lb","28.00 lb","28.00 lb","0.00 in","0.00 in","0.00 in","0.00 in",PKG,,,,NEWTOWN,18940,US,9.47,0.00,0.00,,,1.42,,15.50,,10.89,,,0.00,0.00,0.00,0.00,0.00,0.00,0.00,0.00,0.00,0.00,0.00,0.00,0.00,0.00,0.00,0.00,0.00,0.00,0.00,0.00,0.00,0.00,0.00,0.00,0.00,0.00,"Zone Code Missing in data"
1Z3404530365920747,1Z3404530367791580,0000340453,000000340453303,2023-07-29,"Ground Comm(D)",2023-07-26,Miscellaneous,"27.00 lb","27.00 lb","27.00 lb","0.00 in","0.00 in","0.00 in","0.00 in",PKG,,,,NEWTOWN,18940,US,9.47,0.00,0.00,,,1.33,,14.00,,10.80,,,0.00,0.00,0.00,0.00,0.00,0.00,0.00,0.00,0.00,0.00,0.00,0.00,0.00,0.00,0.00,0.00,0.00,0.00,0.00,0.00,0.00,0.00,0.00,0.00,0.00,0.00,"Zone Code Missing in data"
1Z3404530366659734,1Z3404530367809990,0000340453,000000340453163,2023-04-22,"Ground Comm(D)",2023-04-20,Miscellaneous,"30.00 lb","30.00 lb","30.00 lb","0.00 in","0.00 in","0.00 in","0.00 in",PKG,,,,"POMPANO BEACH",33069,US,9.48,0.00,0.00,,,1.40,,15.00,,10.88,,,0.00,0.00,0.00,0.00,0.00,0.00,0.00,0.00,0.00,0.00,0.00,0.00,0.00,0.00,0.00,0.00,0.00,0.00,0.00,0.00,0.00,0.00,0.00,0.00,0.00,0.00,"Zone Code Missing in data"
1Z3404530366215338,1Z3404530367820422,0000340453,000000340453103,2023-03-11,"Ground Comm(D)",2023-03-07,Miscellaneous,"28.00 lb","28.00 lb","28.00 lb","0.00 in","0.00 in","0.00 in","0.00 in",PKG,,,,NEWTOWN,18940,US,9.47,0.00,0.00,,,1.42,,15.50,,10.89,,,0.00,0.00,0.00,0.00,0.00,0.00,0.00,0.00,0.00,0.00,0.00,0.00,0.00,0.00,0.00,0.00,0.00,0.00,0.00,0.00,0.00,0.00,0.00,0.00,0.00,0.00,"Zone Code Missing in data"
1Z3404530367874259,1Z3404530367844942,0000340453,000000340453033,2023-01-21,"Ground Comm(D)",2023-01-16,Miscellaneous,"30.00 lb","30.00 lb","30.00 lb","0.00 in","0.00 in","0.00 in","0.00 in",PKG,,,,NEWTOWN,18940,US,9.48,0.00,0.00,,,1.47,,16.25,,10.95,,,0.00,0.00,0.00,0.00,0.00,0.00,0.00,0.00,0.00,0.00,0.00,0.00,0.00,0.00,0.00,0.00,0.00,0.00,0.00,0.00,0.00,0.00,0.00,0.00,0.00,0.00,"Zone Code Missing in data"
1Z3404530367874259,1Z3404530367874259,0000340453,000000340453033,2023-01-21,"Ground Comm(D)",2023-01-16,Miscellaneous,"30.00 lb","30.00 lb","30.00 lb","0.00 in","0.00 in","0.00 in","0.00 in",PKG,,,,NEWTOWN,18940,US,9.48,0.00,0.00,,,1.47,,16.25,,10.95,,,0.00,0.00,0.00,0.00,0.00,0.00,0.00,0.00,0.00,0.00,0.00,0.00,0.00,0.00,0.00,0.00,0.00,0.00,0.00,0.00,0.00,0.00,0.00,0.00,0.00,0.00,"Zone Code Missing in data"
1Z3404530365920747,1Z3404530367891150,0000340453,000000340453303,2023-07-29,"Ground Comm(D)",2023-07-26,Miscellaneous,"27.00 lb","27.00 lb","27.00 lb","0.00 in","0.00 in","0.00 in","0.00 in",PKG,,,,NEWTOWN,18940,US,9.47,0.00,0.00,,,1.33,,14.00,,10.80,,,0.00,0.00,0.00,0.00,0.00,0.00,0.00,0.00,0.00,0.00,0.00,0.00,0.00,0.00,0.00,0.00,0.00,0.00,0.00,0.00,0.00,0.00,0.00,0.00,0.00,0.00,"Zone Code Missing in data"
1Z3404530366562678,1Z3404530367933686,0000340453,000000340453463,2023-11-18,"Ground Comm(D)",2023-11-10,Miscellaneous,"11.00 lb","38.00 lb","38.00 lb","0.00 in","0.00 in","0.00 in","0.00 in",PKG,,,,SEARCY,72143,US,18.62,0.00,0.00,,,2.84,,16.00,,21.46,,,0.00,0.00,0.00,0.00,0.00,0.00,0.00,0.00,0.00,0.00,0.00,0.00,0.00,0.00,0.00,0.00,0.00,0.00,0.00,0.00,0.00,0.00,0.00,0.00,0.00,0.00,"Zone Code Missing in data"
1Z3404530365266400,1Z3404530367947822,0000340453,000000340453343,2023-08-26,"Ground Comm(D)",2023-08-22,Miscellaneous,"10.00 lb","25.00 lb","25.00 lb","0.00 in","0.00 in","0.00 in","0.00 in",PKG,,,,MARIETTA,30067,US,11.83,0.00,0.00,,,1.80,,15.75,,13.63,,,0.00,0.00,0.00,0.00,0.00,0.00,0.00,0.00,0.00,0.00,0.00,0.00,0.00,0.00,0.00,0.00,0.00,0.00,0.00,0.00,0.00,0.00,0.00,0.00,0.00,0.00,"Zone Code Missing in data"
,1Z3407250174440880,0000340725,000000340725483,2023-12-02,"1Day AM(D)",2023-11-22,"0-150 Miles","2.00 lb","2.00 lb","2.00 lb","0.00 in","0.00 in","0.00 in","0.00 in",LTR,,,,"ST PETERSBURG",33702,US,37.93,20.82,72.00,,,2.82,,16.50,,19.93,,,0.00,0.00,0.00,0.00,0.00,0.00,0.00,0.00,0.00,0.00,0.00,0.00,0.00,0.00,0.00,0.00,0.00,0.00,0.00,0.00,0.00,0.00,0.00,0.00,0.00,0.00,"Published Rate not found for this service"
,1Z3657440347338825,0000365744,000000365744473,2023-11-25,"Ground Comm(D)",2023-11-13,"Puerto Rico","18.00 lb","18.00 lb","18.00 lb","0.00 in","0.00 in","0.00 in","0.00 in",PKG,JACKSONVILLE,322568204,US,PALMER,00721,US,107.26,43.76,0.00,,,29.19,21.00,15.75,0.00,92.69,21.00,71.69,0.00,0.00,0.00,0.00,0.00,0.00,0.00,0.00,0.00,0.00,0.00,0.00,0.00,0.00,0.00,0.00,0.00,0.00,19.50,21.00,0.00,0.00,0.00,0.00,0.00,0.00,"Published Rate not found for this service"
,1Z4886930193876715,0000E31162,000000E31162133,2023-04-01,"1Day AM(D)",2023-03-29,"301-600 Miles","0.00 lb","0.00 lb","0.00 lb","0.00 in","0.00 in","0.00 in","0.00 in",LTR,STOW,44224,US,CHATTANOOGA,37421,US,47.32,28.87,72.00,,,3.70,0.00,15.75,0.00,22.15,0.00,22.15,0.00,0.00,0.00,0.00,0.00,0.00,0.00,0.00,0.00,0.00,0.00,0.00,0.00,0.00,0.00,0.00,0.00,0.00,0.00,0.00,0.00,0.00,0.00,0.00,0.00,0.00,"This shipment cannot be modeled at the moment"
,1Z4886930197744234,0000347204,000000347204473,2023-11-25,"1Day AM(D)",2023-11-20,"601-1000 Miles","0.00 lb","0.00 lb","0.00 lb","0.00 in","0.00 in","0.00 in","0.00 in",LTR,STOW,44224,US,ORLANDO,32824,US,50.66,27.81,72.00,,,4.77,0.00,16.50,0.00,27.62,0.00,27.62,0.00,0.00,0.00,0.00,0.00,0.00,0.00,0.00,0.00,0.00,0.00,0.00,0.00,0.00,0.00,0.00,0.00,0.00,0.00,0.00,0.00,0.00,0.00,0.00,0.00,0.00,"This shipment cannot be modeled at the moment"
,1Z5X44100166423994,00005X4410,0000005X4410313,2023-08-05,"1Day AM(D)",2023-08-03,"301-600 Miles","1.00 lb","0.00 lb","0.00 lb","0.00 in","0.00 in","0.00 in","0.00 in",LTR,,,,PASCAGOULA,39581,US,47.32,28.87,72.00,,,2.82,,15.00,,21.27,,,0.00,0.00,0.00,0.00,0.00,0.00,0.00,0.00,0.00,0.00,0.00,0.00,0.00,0.00,0.00,0.00,0.00,0.00,0.00,0.00,0.00,0.00,0.00,0.00,0.00,0.00,"Published Rate not found for this service"
,1Z6954AF0196855396,00006954AF,0000006954AF283,2023-07-15,"1Day AM(D)",2023-07-12,"0-150 Miles","1.00 lb","0.00 lb","0.00 lb","0.00 in","0.00 in","0.00 in","0.00 in",LTR,ANTIOCH,37013,US,MURRAY,42071,US,30.56,16.81,72.00,,,4.53,2.25,14.00,0.00,18.28,2.25,16.03,0.00,0.00,0.00,0.00,2.25,2.25,0.00,0.00,0.00,0.00,0.00,0.00,0.00,0.00,0.00,0.00,0.00,0.00,0.00,0.00,0.00,0.00,0.00,0.00,0.00,0.00,"Published Rate not found for this service"
,1Z813VF70140676286,0000343260,000000343260133,2023-04-01,"1Day AM(D)",2023-03-30,"601-1000 Miles","1.00 lb","0.00 lb","0.00 lb","0.00 in","0.00 in","0.00 in","0.00 in",LTR,PEORIA,"61629 0001",US,MIDWAY,32343,US,50.66,30.90,72.00,,,3.11,,15.75,,22.87,,,0.00,0.00,0.00,0.00,0.00,0.00,0.00,0.00,0.00,0.00,0.00,0.00,0.00,0.00,0.00,0.00,0.00,0.00,0.00,0.00,0.00,0.00,0.00,0.00,0.00,0.00,"Published Rate not found for this service"
,1Z813VF70140799706,0000343260,000000343260313,2023-08-05,"1Day AM(D)",2023-07-28,"601-1000 Miles","1.00 lb","0.00 lb","0.00 lb","0.00 in","0.00 in","0.00 in","0.00 in",LTR,PEORIA,"61629 0001",US,MIDWAY,32343,US,50.66,30.90,72.00,,,2.91,,14.75,,22.67,,,0.00,0.00,0.00,0.00,0.00,0.00,0.00,0.00,0.00,0.00,0.00,0.00,0.00,0.00,0.00,0.00,0.00,0.00,0.00,0.00,0.00,0.00,0.00,0.00,0.00,0.00,"Published Rate not found for this service"
,1Z813VF70141027841,0000343260,000000343260093,2023-03-04,"1Day AM(D)",2023-02-27,"601-1000 Miles","1.00 lb","0.00 lb","0.00 lb","0.00 in","0.00 in","0.00 in","0.00 in",LTR,PEORIA,"61629 0001",US,MIDWAY,32343,US,50.66,30.90,72.00,,,3.36,,16.25,,23.12,,,0.00,0.00,0.00,0.00,0.00,0.00,0.00,0.00,0.00,0.00,0.00,0.00,0.00,0.00,0.00,0.00,0.00,0.00,0.00,0.00,0.00,0.00,0.00,0.00,0.00,0.00,"Published Rate not found for this service"
,1Z813VF70141574634,0000343260,000000343260053,2023-02-04,"1Day AM(D)",2023-01-30,"601-1000 Miles","1.00 lb","0.00 lb","0.00 lb","0.00 in","0.00 in","0.00 in","0.00 in",LTR,PEORIA,"61629 0001",US,MIDWAY,32343,US,50.66,30.90,72.00,,,4.20,,21.25,,23.96,,,0.00,0.00,0.00,0.00,0.00,0.00,0.00,0.00,0.00,0.00,0.00,0.00,0.00,0.00,0.00,0.00,0.00,0.00,0.00,0.00,0.00,0.00,0.00,0.00,0.00,0.00,"Published Rate not found for this service"
,1Z813VF70142994643,0000343260,000000343260273,2023-07-08,"1Day AM(D)",2023-06-30,"601-1000 Miles","1.00 lb","0.00 lb","0.00 lb","0.00 in","0.00 in","0.00 in","0.00 in",LTR,PEORIA,"61629 0001",US,MIDWAY,32343,US,50.66,30.90,72.00,,,2.82,,14.00,,22.58,,,0.00,0.00,0.00,0.00,0.00,0.00,0.00,0.00,0.00,0.00,0.00,0.00,0.00,0.00,0.00,0.00,0.00,0.00,0.00,0.00,0.00,0.00,0.00,0.00,0.00,0.00,"Published Rate not found for this service"
